0 145 1077 1427 809 998 398 997 500 791 145 398 500 791 809 997 998 1077 1427
1 2270 140 1423 341 140 341 1423 2270
2 302 302
3 397 727 237 1449 1463 1497 532 834 1477 1242 1399 348 975 506 251 1241 188 188 237 251 348 397 506 532 727 834 975 1241 1242 1399 1449 1463 1477 1497
4 1381 1381
5 134 2149 2148 134 2148 2149
6 1932 1971 1688 2156 2090 2339 1663 1663 1688 1932 1971 2090 2156 2339
7 601 873 2317 1933 244 2318 702 244 601 702 873 1933 2317 2318
8 1489 1489
9 2148 1766 1776 1766 1776 2148
10 1222 219 219 1222
11 1056 2019 955 324 956 1051 403 1032 945 1979 324 403 945 955 956 1032 1051 1056 1979 2019
12 1755 1568 1762 1761 459 1760 1569 401 401 459 1568 1569 1755 1760 1761 1762
13 741 732 748 374 730 374 730 732 741 748
14 16 66 16 66
15 753 759 753 759
16 14 14 66 66
17 1161 272 1428 263 212 1357 207 207 212 263 272 1161 1357 1428
18 1141 937 327 327 937 1141
19 165 1736 20 126 1870 287 1032 164 1785 1391 2010 210 48 2005 1898 2087 213 312 20 48 126 164 165 210 213 287 312 1032 1391 1736 1785 1870 1898 2005 2010 2087
20 19 1389 1736 19 1876 1391 98 1193 98 1193 1389 1391 1736 1876
21 888 319 333 319 333 888
22 106 962 106 962
23 2258 1117 764 2276 522 2282 2393 2285 2251 522 764 1117 2251 2258 2276 2282 2285 2393
24 265 296 265 296
25 1633 900 887 924 681 681 887 900 924 1633
26 1312 1312
27 1202 28 1939 1938 67 799 96 28 67 96 799 1202 1938 1939
28 27 27 328 2303 1202 799 96 1198 96 328 799 1198 1202 2303
29 58 151 58 151
30 1726 1284 1390 1725 1284 1390 1725 1726
31 278 265 265 278
32 153 1834 153 1834
33 150 1682 1992 812 2343 1208 2245 150 812 1208 1682 1992 2245 2343
34 1918 1722 434 1191 434 1191 1722 1918
35 763 1230 763 1230
36 1670 253 736 1283 1446 253 736 1283 1446 1670
37 2143 928 892 892 928 2143
38 684 684
39 1312 126 126 1312
40 1293 2043 2044 1293 2043 2044
41 1060 1333 2370 2364 1329 1581 1981 218 1720 2269 2292 218 1060 1329 1333 1581 1720 1981 2269 2292 2364 2370
42 731 1119 731 1119
43 846 2302 235 1404 648 1096 1717 649 698 235 648 649 698 846 1096 1404 1717 2302
44 1550 308 285 285 308 1550
45 1268 47 1712 46 46 47 1268 1712
46 45 47 2082 45 47 2082
47 45 46 46 45 2082 2082
48 19 19
49 1401 2051 2052 1167 369 707 1678 1078 50 50 369 707 1078 1167 1401 1678 2051 2052
50 49 1167 1678 1078 49 1078 1167 1678
51 111 1893 2171 1757 1804 111 1757 1804 1893 2171
52 507 657 1973 507 657 1973
53 462 101 101 462
54 2379 2180 1815 1815 2180 2379
55 1385 1384 1384 1385
56 231 231
57 1581 1290 81 2271 81 1290 1581 2271
58 29 807 29 151 772 151 772 807
59 1291 1291
60 61 997 772 1420 2304 1896 76 1037 2112 438 61 76 438 772 997 1037 1420 1896 2112 2304
61 60 60 1420 1420
62 1114 811 274 274 811 1114
63 872 1690 414 391 445 391 414 445 872 1690
64 281 281
65 266 86 211 87 787 1941 1943 1942 780 86 87 211 266 780 787 1941 1942 1943
66 14 16 122 1158 513 16 759 2236 1590 14 1170 122 513 759 1158 1170 1590 2236
67 27 2042 27 2042
68 2310 2350 696 2194 1280 1715 750 2191 2193 696 750 1280 1715 2191 2193 2194 2310 2350
69 332 799 798 332 798 799
70 447 447
71 1658 1789 1274 1211 1217 175 72 72 175 1211 1217 1274 1658 1789
72 71 175 1789 71 175 1789
73 1710 1944 1281 1711 1485 1289 2013 1281 1289 1485 1710 1711 1944 2013
74 1409 95 809 95 809 1409
75 2212 1112 1112 2212
76 60 438 60 438
77 2081 1510 837 620 620 837 1510 2081
78 176 2213 176 2213
79 547 2123 723 577 639 548 469 2124 813 2121 595 2122 469 547 548 577 595 639 723 813 2121 2122 2123 2124
80 1331 443 443 1331
81 57 1581 57 1290 1290 1581
82 636 495 635 495 635 636
83 1097 935 84 426 84 426 935 1097
84 83 251 2118 708 83 935 251 708 935 2118
85 937 1141 214 90 90 214 937 1141
86 65 385 413 65 930 87 1912 1105 780 811 418 87 385 413 418 780 811 930 1105 1912
87 65 86 780 65 86 780
88 156 1883 976 1008 1007 132 1059 132 156 976 1007 1008 1059 1883
89 861 1745 863 861 863 1745
90 85 1141 214 85 214 1141
91 327 981 287 287 327 981
92 592 685 596 1104 1257 115 1120 672 696 1123 115 592 596 672 685 696 1104 1120 1123 1257
93 716 200 483 200 483 716
94 572 585 584 662 572 584 585 662
95 74 1360 1627 74 1631 800 800 1360 1627 1631
96 27 28 1939 799 1938 1202 225 27 28 225 799 1202 1938 1939
97 1366 1549 186 186 1366 1549
98 20 371 840 303 1319 283 20 1561 1869 1875 1872 283 303 371 840 1319 1561 1869 1872 1875
99 630 992 630 992
100 1182 185 1597 1598 1724 185 1182 1597 1598 1724
101 53 53
102 324 1134 324 1134
103 2326 2104 2359 2233 837 1844 1998 837 1844 1998 2104 2233 2326 2359
104 1363 1003 796 962 1718 262 1150 795 1801 262 795 796 962 1003 1150 1363 1718 1801
105 368 284 284 368
106 22 22 962 962
107 267 1924 843 775 662 148 571 148 267 571 662 775 843 1924
108 1354 1353 1783 1353 1354 1783
109 1511 462 462 1511
110 1064 1934 1025 1025 1064 1934
111 51 2171 51 1804 1893 1757 1757 1804 1893 2171
112 1852 441 1276 192 677 1362 1398 192 441 677 1276 1362 1398 1852
113 1189 1860 1337 325 747 307 971 314 307 314 325 747 971 1189 1337 1860
114 853 852 2083 852 853 2083
115 92 640 592 1013 1863 539 92 1257 539 592 640 1013 1257 1863
116 2125 1394 1774 2335 1381 1381 1394 1774 2125 2335
117 1426 2100 822 1580 235 2099 858 671 412 1124 147 147 235 412 671 822 858 1124 1426 1580 2099 2100
118 248 1065 397 1471 1522 248 397 1065 1471 1522
119 489 277 277 489
120 121 2091 2065 121 2065 2091
121 120 120 179 2065 1847 179 1847 2065
122 66 66
123 292 299 679 366 316 138 362 138 292 299 316 362 366 679
124 287 249 305 249 287 305
125 481 481
126 19 39 290 1312 953 19 312 287 39 213 213 287 290 312 953 1312
127 748 748
128 495 788 495 788
129 770 1143 2390 1173 2171 770 1143 1173 2171 2390
130 1473 1473
131 853 853
132 88 498 2134 410 88 2314 410 498 2134 2314
133 805 473 473 805
134 5 193 1909 5 1685 2149 2148 1907 1982 1470 193 1470 1685 1907 1909 1982 2148 2149
135 1112 234 234 1112
136 636 636
137 686 1566 686 1566
138 123 531 442 366 123 348 1449 292 530 326 292 326 348 366 442 530 531 1449
139 1621 586 587 576 470 470 576 586 587 1621
140 1 1 394 2055 982 394 982 2055
141 1388 330 278 278 330 1388
142 320 318 318 320
143 301 302 324 318 444 361 315 301 302 315 318 324 361 444
144 407 1061 1648 1028 1295 938 1106 1085 1948 802 1647 2022 427 407 427 802 938 1028 1061 1085 1106 1295 1647 1648 1948 2022
145 0 465 0 398 791 809 500 1811 1810 1139 1084 1112 806 997 398 465 500 791 806 809 997 1084 1112 1139 1810 1811
146 621 629 621 629
147 117 1004 117 1004
148 107 789 843 267 571 1053 107 1694 267 571 789 843 1053 1694
149 481 2096 2095 2094 952 943 835 953 2097 2098 1011 1010 481 835 943 952 953 1010 1011 2094 2095 2096 2097 2098
150 33 33 1878 1378 1992 1378 1878 1992
151 29 58 29 58
152 1727 1502 866 1253 866 1253 1502 1727
153 32 32 298 298
154 1885 2298 2386 1885 2298 2386
155 156 1110 1109 156 1109 1110
156 88 155 88 976 155 1109 1110 976 1109 1110
157 183 1059 1518 183 1059 1518
158 159 198 205 159 198 205
159 158 160 158 161 198 205 160 161 198 205
160 159 159 161 1380 161 1380
161 159 160 159 160
162 747 320 320 747
163 1234 1208 1235 1214 1505 1345 974 1276 703 1223 812 181 2102 2104 1174 1980 1513 1435 1213 1636 512 1903 181 512 703 812 974 1174 1208 1213 1214 1223 1234 1235 1276 1345 1435 1505 1513 1636 1903 1980 2102 2104
164 19 19
165 19 19 1870 2087 1391 1898 1391 1870 1898 2087
166 881 447 447 881
167 341 1245 341 1245
168 1873 1873
169 2313 2015 1412 178 1996 441 1968 178 441 1412 1968 1996 2015 2313
170 1659 1796 1659 1796
171 644 1849 499 499 644 1849
172 1125 1400 768 1510 768 1125 1400 1510
173 1889 193 1556 193 1556 1889
174 627 943 627 943
175 71 72 72 1224 71 1789 912 912 1224 1789
176 78 78 2213 341 341 2213
177 1185 1906 2227 1212 1216 1185 1212 1216 1906 2227
178 169 2324 1205 169 189 1963 1984 1204 2378 1656 189 1204 1205 1656 1963 1984 2324 2378
179 121 1847 392 121 414 258 908 1626 193 2179 193 258 392 414 908 1626 1847 2179
180 1178 1602 1178 1602
181 163 1208 1541 1214 163 677 812 1513 1234 1223 677 812 1208 1214 1223 1234 1513 1541
182 1738 1291 231 1680 1564 1525 1548 1521 1235 1991 231 1235 1291 1521 1525 1548 1564 1680 1738 1991
183 157 157 1221 478 231 1532 1059 231 478 1059 1221 1532
184 1385 1228 1229 1228 1229 1385
185 100 746 1724 100 1632 1182 1567 746 1182 1567 1632 1724
186 97 1397 603 604 97 603 604 1397
187 660 973 1207 660 973 1207
188 3 925 231 506 1741 2155 1497 2346 2113 1146 1206 1387 727 1835 251 1215 3 231 251 506 727 925 1146 1206 1215 1387 1497 1741 1835 2113 2155 2346
189 178 178 1656 1656
190 804 1195 506 506 804 1195
191 814 851 1216 2226 2225 494 494 814 851 1216 2225 2226
192 112 112
193 134 173 179 134 258 173 2179 392 908 1982 179 414 1626 1470 258 392 414 908 1470 1626 1982 2179
194 1539 1539
195 972 765 1660 964 908 1175 969 714 1307 714 765 908 964 969 972 1175 1307 1660
196 1830 2180 1969 1967 1792 2058 1792 1830 1967 1969 2058 2180
197 2272 1658 886 886 1658 2272
198 158 159 1182 1693 159 158 1231 205 205 1182 1231 1693
199 1519 1276 1506 2040 231 231 1276 1506 1519 2040
200 93 1574 93 964 964 1574
201 209 209
202 991 1947 276 791 276 791 991 1947
203 977 1794 463 989 463 977 989 1794
204 1552 1357 270 270 1357 1552
205 158 159 198 158 198 159
206 851 1928 851 1928
207 17 2116 273 212 1149 1198 1151 272 17 212 272 273 1149 1151 1198 2116
208 426 425 792 1168 425 426 792 1168
209 201 1093 2007 795 1070 1923 201 2008 795 1070 1093 1923 2007 2008
210 19 19
211 65 1942 65 1941 266 1943 266 1941 1942 1943
212 17 207 272 207 17 272
213 19 126 1391 2005 1032 287 1785 312 2010 19 126 287 312 1032 1391 1785 2005 2010
214 85 90 1052 1370 1141 85 90 929 929 1052 1141 1370
215 1864 954 954 1864
216 232 232
217 805 805
218 41 1288 1333 2292 1060 41 1060 1288 1333 2292
219 10 2336 1266 2262 10 1215 1222 1727 1215 1222 1266 1727 2262 2336
220 1905 2297 1905 2297
221 1510 1690 1235 1291 1525 1539 1526 1233 414 1997 414 1233 1235 1291 1510 1525 1526 1539 1690 1997
222 941 1082 1091 835 1433 1437 1015 429 429 835 941 1015 1082 1091 1433 1437
223 830 418 501 418 501 830
224 1012 1558 481 1443 1551 481 1012 1443 1551 1558
225 96 96
226 779 1900 1901 1899 241 1090 794 241 779 794 1090 1899 1900 1901
227 774 775 774 775
228 974 974
229 1517 840 1504 840 1504 1517
230 1539 1539
231 56 182 183 188 199 1235 1533 1564 1521 188 2129 182 183 1741 56 1539 2034 2040 1291 1991 1221 1548 1835 1738 1841 1525 199 1680 1221 1235 1291 1521 1525 1533 1539 1548 1564 1680 1738 1741 1835 1841 1991 2034 2040 2129
232 216 2287 2165 1036 835 379 1101 471 629 216 1069 627 1413 787 1026 948 379 471 627 629 787 835 948 1026 1036 1069 1101 1413 2165 2287
233 1700 996 1958 1088 1699 782 1071 783 796 961 1957 782 783 796 961 996 1071 1088 1699 1700 1957 1958
234 135 135
235 43 117 43 1096 649 117 2100 648 2099 648 649 1096 2099 2100
236 1252 1201 1650 2321 1201 1252 1650 2321
237 3 960 1594 3 960 1594
238 2256 2255 1784 1768 2260 1768 1784 2255 2256 2260
239 1057 340 340 1057
240 1339 1315 1314 1751 1748 277 1752 1750 1749 1753 1571 1754 773 487 277 487 773 1314 1315 1339 1571 1748 1749 1750 1751 1752 1753 1754
241 226 1900 1901 779 226 1090 1899 794 779 794 1090 1899 1900 1901
242 1634 1635 446 390 390 446 1634 1635
243 602 1322 1064 1904 602 1064 1322 1904
244 7 1933 7 1933
245 2109 2108 2004 1779 246 246 1779 2004 2108 2109
246 245 245
247 345 345
248 118 118 1242 1014 1356 1480 2146 1471 1175 1522 1554 1956 1014 1175 1242 1356 1471 1480 1522 1554 1956 2146
249 124 342 124 287 328 287 328 342
250 1822 281 1032 1588 281 1032 1588 1822
251 3 84 188 84 708 506 1497 727 1029 188 2118 3 1345 506 708 727 1029 1345 1497 2118
252 956 956
253 36 736 36 1446 1670 1283 736 1283 1446 1670
254 290 1348 290 1348
255 405 405
256 2023 2024 1707 1892 2017 430 439 1695 430 439 1695 1707 1892 2017 2023 2024
257 1442 565 543 543 565 1442
258 179 193 193 392 908 1626 179 414 2179 392 414 908 1626 2179
259 568 1320 568 1320
260 2215 785 785 2215
261 469 651 469 651
262 104 796 1003 1150 104 796 1003 1150
263 17 17
264 853 420 420 853
265 24 31 1917 1919 1920 24 300 338 2176 1336 2012 2177 350 31 2175 300 338 350 1336 1917 1919 1920 2012 2175 2176 2177
266 65 211 65 211 1941 1943 1942 1941 1942 1943
267 107 148 2017 107 2016 148 2049 1881 1157 289 736 1500 2050 289 736 1157 1500 1881 2016 2017 2049 2050
268 581 602 581 602
269 2046 270 270 2046
270 204 269 1552 1357 2046 204 269 1357 1552 2046
271 1543 1675 1543 1675
272 17 207 212 212 17 207
273 207 1198 1149 207 1151 2116 1149 1151 1198 2116
274 62 811 280 1114 62 280 811 1114
275 1884 1880 1880 1884
276 202 202 1646 1646
277 119 240 503 773 1750 1748 1749 1314 1315 1754 240 1753 1752 587 489 119 1571 1751 487 487 489 503 587 773 1314 1315 1571 1748 1749 1750 1751 1752 1753 1754
278 31 141 1388 1578 330 31 709 310 1684 141 310 330 709 1388 1578 1684
279 313 313
280 274 274 2025 2018 431 811 431 811 2018 2025
281 64 250 864 2037 2038 1588 1667 250 1287 64 291 291 864 1287 1588 1667 2037 2038
282 367 320 354 331 1324 1577 320 331 354 367 1324 1577
283 98 303 98 303
284 105 865 861 105 861 865
285 44 44
286 304 329 842 304 329 842
287 19 91 124 126 213 249 124 312 126 19 328 213 91 342 249 311 1379 311 312 328 342 1379
288 497 457 457 497
289 267 1500 1157 267 736 736 1157 1500
290 126 254 126 1348 254 1501 1820 1348 1501 1820
291 281 281
292 123 138 123 348 366 326 1449 138 326 348 366 1449
293 2334 932 759 759 932 2334
294 1141 1787 1665 1141 1665 1787
295 679 679
296 24 1455 339 1456 24 339 1455 1456
297 414 558 414 558
298 153 153 368 368
299 123 123
300 265 1336 2175 2176 2012 1383 265 2177 321 350 1325 1917 321 350 1325 1336 1383 1917 2012 2175 2176 2177
301 143 347 318 143 329 1197 1587 302 302 318 329 347 1197 1587
302 2 143 301 143 318 2 301 318
303 98 283 283 98
304 286 286
305 124 124 1550 1550
306 342 342
307 113 325 1020 1723 971 113 1722 434 2128 325 434 971 1020 1722 1723 2128
308 44 44 1194 1550 1194 1550
309 323 388 1452 323 388 1452
310 278 278
311 287 1192 328 1379 287 328 1192 1379
312 19 126 213 287 328 287 126 213 19 328
313 279 353 279 346 346 353
314 113 1610 1337 1666 113 1337 1610 1666
315 143 143
316 123 123
317 1921 353 1382 905 855 322 322 353 855 905 1382 1921
318 142 143 301 302 301 302 143 142
319 21 793 334 335 337 333 336 21 333 334 335 336 337 793
320 142 162 282 282 331 354 162 1324 367 142 747 331 354 367 747 1324
321 300 324 365 356 300 1021 350 346 1666 352 355 324 346 350 352 355 356 365 1021 1666
322 317 1382 1836 317 1382 1836
323 309 388 336 309 1452 336 388 1452
324 11 102 143 321 1051 955 321 942 1029 1134 11 1025 802 956 1708 143 102 1666 725 1056 725 802 942 955 956 1025 1029 1051 1056 1134 1666 1708
325 113 307 307 113 971 971
326 138 292 1449 348 366 292 138 348 366 1449
327 18 91 91 937 18 981 1579 937 981 1579
328 28 249 287 311 312 1198 28 312 311 2303 287 1192 249 1192 1198 2303
329 286 301 301 286
330 141 278 278 1388 141 1190 1190 1388
331 282 320 1324 354 320 282 367 354 367 1324
332 69 798 69 1199 1121 798 1121 1199
333 21 319 334 1016 1586 319 343 21 838 358 2207 334 343 358 838 1016 1586 2207
334 319 333 319 333 793 793
335 319 337 336 319 518 336 337 518
336 319 323 335 335 323 1452 319 337 337 1452
337 319 335 336 335 518 319 1897 336 1840 518 1840 1897
338 265 265
339 296 296 1456 1456
340 239 239
341 1 167 176 1021 167 1254 1 2270 754 1245 1643 637 176 2266 2265 365 365 637 754 1021 1245 1254 1643 2265 2266 2270
342 249 287 306 249 287 306
343 333 1696 1922 333 1696 1922
344 532 1145 532 1145
345 247 2061 1473 1479 1496 532 247 1465 1145 911 532 911 1145 1465 1473 1479 1496 2061
346 313 321 365 353 352 313 321 411 352 353 365 411
347 301 301 1587 1587
348 3 138 292 326 326 292 1136 349 442 531 1463 1449 3 138 1241 530 366 349 366 442 530 531 1136 1241 1449 1463
349 348 442 348 357 1468 1136 357 442 1136 1468
350 265 300 321 321 300 265
351 1388 1388
352 321 346 2079 1196 346 365 411 321 365 411 1196 2079
353 313 317 346 905 360 1921 762 313 346 317 855 360 762 855 905 1921
354 282 320 331 331 282 320 1324 367 367 1324
355 321 520 839 1463 1083 1014 356 321 356 520 839 1014 1083 1463
356 321 355 1476 321 355 1014 1014 1476
357 349 1468 1913 1136 349 631 1448 1451 631 1136 1448 1451 1468 1913
358 333 1586 838 333 838 1586
359 612 520 1823 363 1113 1764 1475 562 1825 363 520 562 612 1113 1475 1764 1823 1825
360 353 353
361 143 143
362 123 679 123 366 366 679
363 359 364 359 612 1113 364 612 1113
364 363 363
365 321 341 346 352 346 321 352 637 835 341 637 835
366 123 138 292 326 348 362 292 123 326 679 138 362 348 1449 679 1449
367 282 320 331 354 282 320 1324 331 354 1324
368 105 298 105 298 1624 1624
369 49 49 526 1132 526 1132
370 1471 1471
371 98 98 1235 840 1874 1875 1872 2374 840 1235 1872 1874 1875 2374
372 1099 1122 955 956 955 956 1099 1122
373 505 1112 869 505 869 1112
374 13 13 759 1664 759 1664
375 1538 1332 442 1186 442 1186 1332 1538
376 455 377 1914 1742 593 2076 594 1953 582 467 583 377 455 467 582 583 593 594 1742 1914 1953 2076
377 376 455 376 1914 467 455 467 1914
378 395 1925 402 395 402 1925
379 232 232
380 421 421
381 1081 1418 1419 1081 1418 1419
382 2088 398 398 2088
383 650 650
384 757 2308 757 2308
385 86 86 413 811 930 1912 1105 413 811 930 1105 1912
386 1840 388 1897 388 1840 1897
387 430 431 460 1706 1335 1296 638 430 431 460 638 1296 1335 1706
388 309 323 386 323 1452 694 2205 386 309 1897 694 1452 1897 2205
389 1986 1390 1390 1986
390 242 242
391 63 2203 1873 1690 63 479 1867 1181 1466 1368 479 1181 1368 1466 1690 1867 1873 2203
392 179 193 258 179 1626 258 1247 414 193 1849 2179 643 908 414 643 908 1247 1626 1849 2179
393 598 437 1317 1805 437 598 1317 1805
394 140 2185 982 1058 985 986 987 988 140 456 2055 456 982 985 986 987 988 1058 2055 2185
395 378 378 402 1925 402 1925
396 433 547 472 740 422 641 1760 2361 401 401 422 433 472 547 641 740 1760 2361
397 3 118 3 1354 1065 118 1065 1354
398 0 145 382 500 997 1042 382 791 145 0 809 2088 1087 500 791 809 997 1042 1087 2088
399 556 672 2206 827 2054 605 1954 551 1747 907 551 556 605 672 827 907 1747 1954 2054 2206
400 1272 1000 1000 1272
401 12 396 422 740 1569 1761 1760 1762 472 547 880 1755 641 1568 1340 1813 459 433 2361 396 12 1812 422 433 459 472 547 641 740 880 1340 1568 1569 1755 1760 1761 1762 1812 1813 2361
402 378 395 1925 2159 1632 395 1445 810 1530 378 810 1445 1530 1632 1925 2159
403 11 11
404 886 886
405 255 525 1806 2138 820 1197 2139 1614 778 2137 2136 1673 255 525 778 820 1197 1614 1673 1806 2136 2137 2138 2139
406 1301 407 407 1301
407 144 406 144 427 1301 916 406 938 802 1407 1061 427 802 916 938 1061 1301 1407
408 705 819 584 584 705 819
409 447 697 1086 447 697 1086
410 132 1572 132 2134 1572 2134
411 346 352 352 346
412 117 1420 858 1580 117 858 1420 1580
413 86 385 86 385 1105 811 811 1105
414 63 179 193 221 258 297 392 1349 568 499 297 1367 1528 63 1626 179 392 1117 258 2179 872 1842 1539 1690 908 1890 1235 1206 1291 1469 1988 415 193 1526 1970 1997 221 415 499 568 872 908 1117 1206 1235 1291 1349 1367 1469 1526 1528 1539 1626 1690 1842 1890 1970 1988 1997 2179
415 414 1528 1842 1469 414 1469 1528 1842
416 1740 700 2352 1326 1729 612 1361 1346 1347 1819 612 700 1326 1346 1347 1361 1729 1740 1819 2352
417 652 2381 915 656 650 895 544 885 484 485 913 2131 573 550 566 1612 458 661 458 484 485 544 550 566 573 650 652 656 661 885 895 913 915 1612 2131 2381
418 86 223 501 2238 989 830 2237 1916 2357 2068 1912 223 1358 86 1737 1977 501 830 989 1358 1737 1912 1916 1977 2068 2237 2238 2357
419 825 496 1915 496 825 1915
420 264 853 264 457 1050 457 853 1050
421 380 536 380 1995 536 1995
422 396 401 1760 472 547 401 641 433 396 2361 740 433 472 547 641 740 1760 2361
423 937 937
424 1346 1252 634 706 2110 1729 634 706 1252 1346 1729 2110
425 208 208 1946 426 1168 792 426 792 1168 1946
426 83 208 425 208 1168 792 425 1097 83 1294 1067 792 1067 1097 1168 1294
427 144 407 407 460 1061 870 802 1296 803 2018 938 430 144 430 460 802 803 870 938 1061 1296 2018
428 2106 1570 2105 1570 2105 2106
429 222 1082 1433 222 1437 1082 1433 1437
430 256 387 427 387 2023 2024 1892 431 1335 1707 256 460 427 2017 1006 1296 431 460 1006 1296 1335 1707 1892 2017 2023 2024
431 280 387 430 1335 387 2018 430 460 1006 1296 280 2025 460 1006 1296 1335 2018 2025
432 2220 1032 1032 2220
433 396 401 422 396 641 2361 472 422 740 1760 401 547 472 547 641 740 1760 2361
434 34 307 448 1020 307 34 448 1020
435 940 785 785 940
436 527 1145 527 1145
437 393 393 1972 598 598 1972
438 60 76 76 60
439 256 256 1695 1695
440 1369 524 457 457 524 1369
441 112 169 1477 1362 112 1323 169 1398 1323 1362 1398 1477
442 138 348 349 375 530 349 348 138 375 2152 531 1186 530 531 1186 2152
443 80 2342 1331 1744 2268 2036 477 1930 2291 80 2284 477 1331 1744 1930 2036 2268 2284 2291 2342
444 143 1078 2347 508 2348 1642 1351 614 626 546 1607 143 1220 1179 508 546 614 626 1078 1179 1220 1351 1607 1642 2347 2348
445 63 63
446 242 624 242 1701 1499 624 1499 1701
447 70 166 409 409 1837 70 881 697 166 667 667 697 881 1837
448 434 434
449 1365 1365
450 451 1972 451 1972
451 450 450 632 1972 632 1972
452 554 555 783 897 2247 554 555 783 897 2247
453 1654 1435 1435 1654
454 1123 1123
455 376 377 467 377 376 468 1914 467 468 1914
456 394 2185 394 2185
457 288 420 440 1089 1297 497 1369 1406 288 524 1050 931 440 420 497 524 931 1050 1089 1297 1369 1406
458 417 417
459 12 401 1755 1762 1761 1760 1569 12 401 1568 1568 1569 1755 1760 1761 1762
460 387 427 430 431 1006 387 427 431 1335 430 1296 1006 1296 1335
461 654 545 655 545 654 655
462 53 109 53 109 1511 1511
463 203 1895 2373 1560 1375 2084 203 989 977 2117 1022 977 989 1022 1375 1560 1895 2084 2117 2373
464 486 945 1270 2092 1103 841 2071 486 841 945 1103 1270 2071 2092
465 145 145 2172 569 2130 569 2130 2172
466 467 1975 467 1975
467 376 377 455 466 455 466 1975 376 536 1914 377 536 1914 1975
468 455 543 455 560 920 917 901 543 560 901 917 920
469 79 261 2124 2122 261 548 723 79 639 2121 2123 595 577 547 813 547 548 577 595 639 723 813 2121 2122 2123 2124
470 139 576 587 1621 1756 675 139 674 586 576 586 587 674 675 1621 1756
471 232 1413 2165 232 1413 2165
472 396 401 422 433 422 641 2223 2361 401 1760 396 547 433 1759 740 547 641 740 1759 1760 2223 2361
473 133 805 1111 504 133 504 805 1111
474 558 682 2217 683 559 576 2349 558 559 576 682 683 2217 2349
475 906 906
476 1143 1143
477 443 2291 443 2268 1744 1744 2268 2291
478 183 1532 1518 183 1227 1059 1059 1227 1518 1532
479 391 1867 1466 391 1368 1368 1466 1867
480 774 775 774 775
481 125 149 224 149 224 125 1551 1551
482 1092 1135 954 1030 998 1431 959 1045 954 959 998 1030 1045 1092 1135 1431
483 93 716 93 716
484 417 1612 915 656 550 417 650 550 650 656 915 1612
485 417 544 661 650 417 915 544 650 661 915
486 464 464 2164 2092 1270 2119 2071 1270 2071 2092 2119 2164
487 240 277 1754 773 1315 1752 1571 1751 1753 1750 1749 1748 1314 240 277 773 1314 1315 1571 1748 1749 1750 1751 1752 1753 1754
488 676 1534 2234 515 515 676 1534 2234
489 119 277 119 277 918 918
490 1213 1637 1213 1637
491 926 927 617 771 617 771 926 927
492 542 542
493 650 695 544 544 650 695
494 191 2226 814 2225 191 814 2225 2226
495 82 128 128 82 1310 788 788 1310
496 419 684 1373 849 1915 825 1976 419 684 825 849 1373 1915 1976
497 288 457 288 457
498 132 132 2314 2314
499 171 414 1239 644 414 1216 1206 171 655 1367 546 1851 1850 546 644 655 1206 1216 1239 1367 1850 1851
500 0 145 398 398 1438 791 821 1865 2389 145 997 1432 0 1072 1126 809 791 809 821 997 1072 1126 1432 1438 1865 2389
501 223 418 418 830 223 830
502 1778 1778
503 277 277 2192 587 587 2192
504 473 1111 587 473 805 587 805 1111
505 373 373 869 1677 1112 869 1112 1677
506 3 188 190 251 188 804 251 1195 1497 727 726 1226 3 1328 190 1248 726 727 804 1195 1226 1248 1328 1497
507 52 52 641 1973 641 1973
508 444 444
509 562 562
510 587 587
511 1831 752 2218 1164 752 1164 1831 2218
512 163 1174 163 1174
513 66 66 1170 1590 2236 1170 1590 2236
514 881 881
515 488 1207 676 1534 488 676 1207 1534
516 835 835
517 1354 1593 1354 1593
518 335 337 337 335
519 1702 1279 1279 1702
520 355 359 359 1463 355 2089 1475 1241 1241 1463 1475 2089
521 1503 1770 1471 1490 735 735 1471 1490 1503 1770
522 23 23
523 714 1471 906 1489 714 906 1471 1489
524 440 457 440 1369 457 1369
525 405 405 2136 1197 820 2139 778 1614 1806 2137 1673 2138 778 820 1197 1614 1673 1806 2136 2137 2138 2139
526 369 369
527 436 436 1145 1488 1145 1488
528 1462 1453 1467 846 846 1453 1462 1467
529 1603 1494 1494 1603
530 138 348 442 442 1242 1596 1393 1491 348 531 138 678 531 678 1242 1393 1491 1596
531 138 348 442 530 1236 911 1464 1393 1471 138 348 1780 908 442 678 532 530 1237 994 532 678 908 911 994 1236 1237 1393 1464 1471 1780
532 3 344 345 531 1468 2061 1145 1473 1237 3 344 1481 345 911 678 1465 531 1449 678 911 1145 1237 1449 1465 1468 1473 1481 2061
533 1372 1601 1372 1601
534 721 721
535 660 660
536 421 467 2330 701 1995 421 659 893 904 553 467 552 552 553 659 701 893 904 1995 2330
537 562 619 588 665 664 668 1674 562 588 619 664 665 668 1674
538 1626 1626
539 115 640 1013 115 1863 640 1013 1863
540 1566 541 784 1267 541 784 1267 1566
541 540 540 1566 1566
542 492 2101 667 687 1704 704 492 667 687 704 1704 2101
543 257 468 468 902 695 650 1861 876 1546 578 257 560 2380 560 578 650 695 876 902 1546 1861 2380
544 417 485 493 485 915 695 417 493 650 661 650 661 695 915
545 461 655 461 655
546 444 499 1850 1851 444 499 1850 1851
547 79 396 401 422 433 469 472 2124 2121 422 79 396 595 2122 548 813 401 472 577 628 570 645 723 1760 641 639 2123 740 433 2361 469 548 570 577 595 628 639 641 645 723 740 813 1760 2121 2122 2123 2124 2361
548 79 469 547 577 547 469 723 79 2124 2123 2122 2121 595 639 813 577 595 639 723 813 2121 2122 2123 2124
549 1544 1497 1395 1395 1497 1544
550 417 484 1612 656 650 484 915 417 650 656 915 1612
551 399 399
552 536 701 536 701
553 536 893 1264 601 536 845 702 889 601 702 845 889 893 1264
554 452 452 555 555
555 452 554 452 554
556 399 399 557 557
557 556 556
558 297 474 474 559 589 297 683 559 589 683
559 474 558 558 474
560 468 543 468 543
561 690 692 688 693 691 580 689 580 688 689 690 691 692 693
562 359 509 537 537 1764 668 737 509 564 359 564 668 737 1764
563 622 1686 1620 622 1620 1686
564 562 562
565 257 257
566 417 417
567 684 684
568 259 414 414 259 1970 1890 1117 1320 1117 1320 1890 1970
569 465 465 2130 2172 2130 2172
570 547 547
571 107 148 148 107
572 94 94
573 417 417
574 1956 1540 1540 1956
575 1769 1584 1782 1236 1236 1584 1769 1782
576 139 470 474 1160 470 683 682 964 139 586 474 1621 587 586 587 682 683 964 1160 1621
577 79 469 547 548 2122 2124 548 79 595 547 723 639 2121 813 2123 469 595 639 723 813 2121 2122 2123 2124
578 543 543
579 580 580
580 561 579 1697 579 689 690 688 693 691 692 1029 561 2142 688 689 690 691 692 693 1029 1697 2142
581 268 268
582 376 583 376 583
583 376 582 582 777 376 776 776 777
584 94 408 662 585 2120 94 408 585 662 2120
585 94 584 662 584 2120 94 662 2120
586 139 470 576 587 1621 139 576 470 587 1621
587 139 277 470 503 504 510 576 586 586 1621 470 139 504 277 2192 771 510 761 503 576 761 771 1621 2192
588 537 537 619 619
589 558 1763 2145 683 1242 558 1965 721 617 617 683 721 1242 1763 1965 2145
590 1807 1616 618 832 606 606 618 832 1616 1807
591 650 883 882 650 882 883
592 92 115 92 115 696 596 1257 596 696 1257
593 376 376 594 594
594 376 593 1953 376 2074 593 2075 1953 2074 2075
595 79 469 547 548 577 639 547 2122 813 577 548 2121 2124 2123 723 469 79 639 723 813 2121 2122 2123 2124
596 92 592 775 92 592 775
597 647 647
598 393 437 1334 393 1858 437 1334 1858
599 600 601 600 601
600 599 599 601 601
601 7 553 599 600 1758 7 1882 702 553 599 600 641 896 641 702 896 1758 1882
602 243 268 243 268
603 186 186 2301 2301
604 186 186
605 399 907 399 827 827 907
606 590 590
607 2105 2078 2078 2105
608 641 641
609 957 2286 1910 1045 959 779 1839 1140 779 957 959 1045 1140 1839 1910 2286
610 649 649
611 896 896
612 359 363 416 359 2352 1729 1113 1819 1326 1346 1361 1347 416 363 700 700 1113 1326 1346 1347 1361 1729 1819 2352
613 831 1730 1357 1054 831 1054 1357 1730
614 444 2348 2347 444 615 615 2347 2348
615 614 614
616 1771 1145 1457 1145 1457 1771
617 491 589 926 721 923 491 771 927 589 721 771 923 926 927
618 590 1807 590 1807
619 537 588 537 588
620 77 77 2081 837 1510 837 1510 2081
621 146 146 629 2080 1130 629 1130 2080
622 563 563
623 1062 790 1298 2242 1133 1042 1043 1410 1036 2243 992 2241 2170 1425 1076 2244 790 992 1036 1042 1043 1062 1076 1133 1298 1410 1425 2170 2241 2242 2243 2244
624 446 2173 446 1660 625 1412 625 1412 1660 2173
625 624 624
626 444 444 1607 1607
627 174 232 1068 793 1080 1023 1438 835 174 232 943 793 835 943 1023 1068 1080 1438
628 547 547
629 146 232 621 950 1001 1130 1063 1305 1002 948 621 1069 959 1061 1036 1024 2080 946 1026 1101 232 2020 787 947 1131 146 787 946 947 948 950 959 1001 1002 1024 1026 1036 1061 1063 1069 1101 1130 1131 1305 2020 2080
630 99 99 992 992
631 357 1132 357 1132
632 451 451 2377 1972 1972 2377
633 667 667
634 424 1731 1313 1346 424 2111 1729 700 700 1313 1346 1729 1731 2111
635 82 636 82 636
636 82 136 635 82 968 136 1128 635 968 1128
637 341 365 341 365
638 387 1706 1949 387 1706 1949
639 79 469 547 548 577 595 595 723 79 469 813 548 577 2121 2122 2123 2124 547 723 813 2121 2122 2123 2124
640 115 539 115 539
641 396 401 422 433 472 507 547 601 608 433 422 1758 472 507 896 401 608 1760 601 740 547 396 2361 740 896 1758 1760 2361
642 1611 2299 1611 2299
643 392 1849 1247 392 887 887 1247 1849
644 171 499 499 171 1307 1625 972 1160 972 1160 1307 1625
645 547 547
646 647 647
647 597 646 597 1217 728 766 763 646 728 763 766 1217
648 43 235 649 43 235 649
649 43 235 610 648 648 235 610 43
650 383 417 484 485 493 543 544 550 591 383 493 1623 591 915 417 550 543 856 883 485 656 882 891 484 695 544 1612 661 656 661 695 856 882 883 891 915 1612 1623
651 261 680 261 2290 1166 680 1166 2290
652 417 417
653 1604 1976 1604 1976
654 461 461
655 461 499 545 908 1767 545 499 2150 1239 461 908 1239 1767 2150
656 417 484 550 650 915 550 417 484 650 1612 915 1612
657 52 52
658 1175 1273 1175 1273
659 536 904 536 904
660 187 535 535 187 1073 1566 973 1000 973 1000 1073 1566
661 417 485 544 650 485 915 544 417 650 915
662 94 107 584 585 585 584 107 2120 775 94 775 2120
663 1285 1154 1154 1285
664 537 665 537 665
665 537 664 664 537
666 2107 980 1374 978 978 980 1374 2107
667 447 542 633 1704 2101 704 542 633 447 704 1704 2101
668 537 562 562 537
669 670 670
670 669 1158 669 2329 739 857 739 857 1158 2329
671 117 1426 892 117 892 1426
672 92 399 399 92 1123 1104 907 907 1104 1123
673 901 901
674 470 675 470 675
675 470 674 674 470
676 488 515 488 515 1248 1534 1248 1534
677 112 181 2229 1853 1705 1276 2034 181 1854 112 1275 1852 1275 1276 1705 1852 1853 1854 2034 2229
678 530 531 532 1780 1465 1249 1481 1393 1471 911 1462 532 531 1464 530 911 1249 1393 1462 1464 1465 1471 1481 1780
679 123 295 362 366 123 362 366 295 1935 1935
680 651 651
681 25 25
682 474 576 576 683 474 683
683 474 558 576 589 682 576 682 1160 589 474 558 964 964 1160
684 38 496 567 496 1976 1373 1698 567 38 1373 1698 1976
685 92 92
686 137 137
687 542 542
688 561 580 691 689 693 690 580 561 692 689 690 691 692 693
689 561 580 688 691 688 690 580 692 693 561 690 691 692 693
690 561 580 688 689 561 689 691 688 692 580 693 691 692 693
691 561 580 688 689 690 689 688 693 690 580 561 692 692 693
692 561 580 688 689 690 691 561 693 689 1611 690 580 688 691 693 1611
693 561 580 688 689 690 691 692 692 691 689 688 580 561 690
694 388 388 2205 2205
695 493 543 544 650 544 543 493 650
696 68 92 592 592 68 2191 92 2191
697 409 447 409 447
698 43 846 699 43 699 846
699 698 698
700 416 612 634 1819 416 1326 1347 1729 2111 1258 1313 1731 2352 612 634 1346 1361 1258 1313 1326 1346 1347 1361 1729 1731 1819 2111 2352
701 536 552 536 552
702 7 553 601 601 553 7
703 163 1980 163 1980
704 542 667 1009 667 2101 1477 746 1399 1704 542 746 1009 1399 1477 1704 2101
705 408 408
706 424 424 1252 1252
707 49 1951 1952 49 1951 1952
708 84 251 251 84 2278 2118 1701 1701 2118 2278
709 278 1585 1686 1495 1482 1240 983 278 1282 1497 983 1240 1282 1482 1495 1497 1585 1686
710 754 754
711 1746 2086 1746 2086
712 742 722 722 742
713 1164 1171 1671 748 874 1162 748 874 1162 1164 1171 1671
714 195 523 1240 523 1237 195 1237 1240
715 810 810
716 93 483 93 483
717 759 718 718 759
718 717 759 717 759
719 721 755 738 721 738 755
720 906 1962 906 1962
721 534 589 617 719 719 617 923 755 534 771 589 1961 738 738 755 771 923 1961
722 712 742 743 712 1964 742 743 1964
723 79 469 547 548 577 595 639 2123 2124 79 639 548 469 813 547 2122 577 595 2121 813 2121 2122 2123 2124
724 1961 1961
725 324 1029 324 1029
726 506 506 1497 1791 1226 1226 1497 1791
727 3 188 251 506 3 251 506 188 1497 1497
728 647 2360 766 763 647 763 766 2360
729 1962 1962
730 13 13
731 42 42 1119 1119
732 13 13 748 748
733 1441 2109 1203 1440 1613 1203 1440 1441 1613 2109
734 1767 1767
735 521 1471 1503 1770 521 1471 1503 1770
736 36 253 267 289 1500 1157 253 1283 36 1446 267 1670 289 1157 1283 1446 1500 1670
737 562 562 1764 1764
738 719 721 719 755 721 755
739 670 670 857 2309 2188 857 2188 2309
740 396 401 422 433 472 547 641 2361 401 396 641 433 1760 547 422 472 1760 2361
741 13 13
742 712 722 722 712
743 722 2213 722 2053 2053 2213
744 745 2003 745 2003
745 744 1399 2003 744 1399 2003
746 185 704 185 1632 788 704 1399 788 1399 1632
747 113 162 320 162 1189 113 320 1189
748 13 127 713 732 1672 13 749 1155 127 2208 713 732 874 749 874 1155 1672 2208
749 748 748 2208 1345 1392 1978 1345 1392 1978 2208
750 68 1715 2350 68 1715 2350
751 1039 1013 944 944 1013 1039
752 511 2218 1164 1831 511 1164 1831 2218
753 15 767 15 759 2273 759 767 2273
754 341 710 1643 341 710 1643
755 719 721 738 719 721 738
756 1606 1493 1493 1606
757 384 1536 2308 1261 384 1261 1536 2308
758 1637 1637
759 15 66 293 374 717 718 753 1545 1158 1664 2327 374 717 2274 767 753 2328 15 66 1669 293 718 2273 767 1158 1545 1664 1669 2273 2274 2327 2328
760 826 2385 774 2384 774 826 2384 2385
761 587 771 587 771
762 353 353
763 35 647 728 766 1230 35 728 647 766 1230
764 23 23
765 195 1472 195 1473 964 1175 1660 964 1175 1472 1473 1660
766 647 728 763 763 728 647
767 753 759 753 759
768 172 1510 1400 1125 1154 1156 172 1125 1154 1156 1400 1510
769 1872 1872
770 129 129 2390 2390
771 491 587 617 721 761 761 587 617 923 721 491 923
772 58 60 807 60 2304 58 807 2304
773 240 277 487 487 277 1751 1749 1315 1753 1314 1748 1750 1752 1754 240 1571 1314 1315 1571 1748 1749 1750 1751 1752 1753 1754
774 227 480 760 815 2385 817 227 480 775 816 760 775 815 816 817 2385
775 107 227 480 596 662 774 596 1604 2070 2057 1570 107 774 662 480 1886 1924 227 1570 1604 1886 1924 2057 2070
776 583 777 583 777
777 583 776 776 583
778 405 525 525 1806 1614 1197 405 820 820 1197 1614 1806
779 226 241 609 959 957 1045 226 801 241 1839 609 1140 2286 1910 801 957 959 1045 1140 1839 1910 2286
780 65 86 87 87 86 65
781 956 956
782 233 233 996 996
783 233 452 961 1958 1957 452 233 961 1957 1958
784 540 540 943 1267 1119 943 1119 1267
785 260 435 1026 435 1415 940 1416 1038 260 2215 2163 940 1026 1038 1415 1416 2163 2215
786 803 1051 1027 803 1027 1051
787 65 232 629 1101 1069 65 629 1026 1036 948 232 948 1026 1036 1069 1101
788 128 495 746 806 128 823 746 495 806 823
789 148 148
790 623 1043 2243 623 1042 1133 1298 2244 992 1076 1036 2241 1410 1062 2242 1425 992 1036 1042 1043 1062 1076 1133 1298 1410 1425 2241 2242 2243 2244
791 0 145 202 398 500 1094 1436 997 500 398 828 1095 145 1359 809 934 0 1100 991 1041 948 1044 202 809 828 934 948 991 997 1041 1044 1094 1095 1100 1359 1436
792 208 425 426 426 208 1168 425 1168
793 319 334 627 319 334 627 1068 1068
794 226 241 1090 1901 1899 1900 226 241 1090 1899 1900 1901
795 104 209 209 1003 1363 853 796 2008 1923 104 995 2007 796 853 995 1003 1363 1923 2007 2008
796 104 233 262 795 262 1363 2354 795 1150 104 1003 1088 233 2031 836 853 836 853 1003 1088 1150 1363 2031 2354
797 995 995
798 69 332 332 799 69 799
799 27 28 69 96 798 96 798 69 27 28
800 95 95
801 779 1049 993 779 993 1049
802 144 324 407 427 1025 942 324 427 407 144 938 1061 922 922 938 942 1025 1061
803 427 786 870 427 786 1051 1027 870 1027 1051
804 190 506 506 1195 1386 190 1195 1386
805 133 217 473 504 217 473 1111 914 133 504 914 1111
806 145 788 788 1139 1112 145 823 823 1112 1139
807 58 772 58 772
808 1039 944 1024 1911 944 1024 1039 1911
809 0 74 145 398 500 791 997 0 74 1409 145 398 791 500 997 1409
810 402 715 1632 1530 1445 402 715 1445 1530 1632
811 62 86 274 280 385 413 274 385 62 1105 413 1114 86 280 1105 1114
812 33 163 181 1219 1208 1210 1214 1234 1505 1223 163 1235 1513 850 181 33 1435 1636 1209 850 1208 1209 1210 1214 1219 1223 1234 1235 1435 1505 1513 1636
813 79 469 547 548 577 595 639 723 2122 2124 547 595 2123 2121 723 639 79 577 548 469 2121 2122 2123 2124
814 191 494 2226 191 2225 494 2225 2226
815 774 774 817 816 816 817
816 774 815 815 774 817 817
817 774 815 816 774 815 816
818 1377 2069 833 2187 1926 1559 1428 833 1377 1428 1559 1926 2069 2187
819 408 408
820 405 525 778 525 405 1197 1614 1806 778 1197 1614 1806
821 500 1432 1438 1072 1126 500 1865 2389 1072 1126 1432 1438 1865 2389
822 117 1124 117 1124
823 788 806 788 806
824 2311 826 826 2311
825 419 496 1915 496 419 1915
826 760 824 760 2384 2311 824 2311 2384
827 399 605 399 605
828 791 1094 791 1359 1094 1359
829 1497 1213 1395 1213 1395 1497
830 223 418 501 223 418 501
831 613 1054 613 1054
832 590 590 1616 1348 1348 1616
833 818 2187 1926 818 1428 1428 1926 2187
834 3 911 3 911
835 149 222 232 365 516 627 516 1433 222 232 149 627 365 941 941 1433
836 796 796 1040 1040
837 77 103 620 1622 2326 77 1844 103 2359 620 2104 1622 1844 2104 2326 2359
838 333 358 1586 1473 358 333 1473 1586
839 355 1153 355 1083 1083 1153
840 98 229 371 98 229 371 1504 1517 1504 1517
841 464 945 1344 2355 464 1908 945 1344 1908 2355
842 286 286
843 107 148 1788 2391 107 148 1788 2391
844 1308 2006 1894 1074 1316 1645 1937 1074 1308 1316 1645 1894 1937 2006
845 553 553
846 43 528 698 1422 43 1453 698 1405 1467 1955 2214 528 1405 1422 1453 1467 1955 2214
847 869 2093 869 2093
848 903 1260 1259 891 2047 891 903 1259 1260 2047
849 496 496
850 812 812 1219 1219
851 191 206 191 206 1928 1728 1728 1928
852 114 2083 853 114 853 2083
853 114 131 264 420 795 796 852 264 420 795 114 852 131 796
854 1824 1821 949 949 1821 1824
855 317 353 905 1921 353 317 905 1921
856 650 650
857 670 739 739 670
858 117 412 412 117 1580 1580
859 1422 1950 1422 1950
860 1051 1051
861 89 284 865 89 863 284 1745 863 865 1745
862 1191 1191
863 89 861 861 1745 89 1745
864 281 2037 281 2038 1667 1667 2037 2038
865 284 861 1202 861 284 1202
866 152 1253 152 1253
867 1773 1746 1746 1773
868 1671 1803 1671 1803
869 373 505 847 1108 1107 1112 2093 847 373 505 1107 1108 1112 2093
870 427 803 803 427
871 2353 1645 1645 2353
872 63 414 63 414
873 7 7
874 713 748 713 748
875 1014 1829 964 1484 964 1014 1484 1829
876 543 543 1546 1546
877 1213 2235 1213 2235
878 1617 2219 1617 2219
879 1572 1713 1572 1713
880 401 1809 401 1760 1813 1812 1808 1760 1808 1809 1812 1813
881 166 447 514 166 884 447 894 2140 2141 514 884 894 2140 2141
882 591 650 883 650 591 883
883 591 650 882 650 882 591
884 881 881
885 417 417
886 197 404 1504 2178 404 2276 1517 1739 197 2363 1504 1517 1739 2178 2276 2363
887 25 643 25 643
888 21 21
889 553 553
890 1385 1385
891 650 848 903 848 1259 650 1260 903 1259 1260
892 37 671 928 671 37 2143 928 2143
893 536 553 553 536
894 881 881
895 417 417
896 601 611 641 1862 641 1758 601 611 1758 1862
897 452 2247 452 2247
898 1213 899 899 1213
899 898 1213 898 1213
900 25 25
901 468 673 1262 917 2174 468 673 917 1262 2174
902 543 543 2380 2380
903 848 891 848 891 1260 2047 1259 1259 1260 2047
904 536 659 659 536
905 317 353 855 353 855 1921 317 1921
906 475 523 720 720 2160 1962 1471 523 1489 475 1471 1489 1962 2160
907 399 605 672 605 672 399
908 179 193 195 258 392 414 531 655 972 1307 1626 1236 258 655 531 179 193 2150 414 969 195 994 2179 1767 392 969 972 994 1236 1307 1626 1767 2150 2179
909 910 2332 927 910 927 2332
910 909 909 927 2332 927 2332
911 345 531 532 678 834 834 1411 531 1618 1481 2001 1465 532 678 1496 1237 345 1237 1411 1465 1481 1496 1618 2001
912 175 175
913 417 2381 417 2381
914 805 805
915 417 484 485 544 550 650 656 661 656 1612 484 544 650 417 550 661 485 1612
916 407 407
917 468 901 901 468
918 489 489
919 1295 1652 1651 1653 1295 1651 1652 1653
920 468 468
921 1033 1429 1430 922 1238 922 1033 1238 1429 1430
922 802 921 1238 1047 1046 1429 1033 921 802 1430 1033 1046 1047 1238 1429 1430
923 617 721 771 721 617 771
924 25 25
925 188 2113 188 2346 2113 2346
926 491 617 617 491 927 927
927 491 617 909 910 926 491 2332 910 617 926 909 2332
928 37 892 2143 892 37 2143
929 214 214
930 86 385 86 1912 385 1912
931 457 1089 457 1089
932 293 293
933 1529 1213 1511 1213 1511 1529
934 791 1436 1100 791 1041 1041 1100 1436
935 83 84 83 84
936 997 2045 997 2045
937 18 85 327 423 85 1286 18 327 1141 423 1141 1286
938 144 407 427 802 407 144 1302 1303 1304 427 802 1061 939 939 1061 1302 1303 1304
939 938 1304 1144 999 2039 951 938 951 999 1144 1304 2039
940 435 785 435 1300 785 1299 1299 1300
941 222 835 222 1433 835 1433
942 324 802 324 802 1025 990 990 1025
943 149 174 627 784 953 1011 1010 2096 149 1119 952 2095 2094 2098 174 784 2097 1016 627 952 953 1010 1011 1016 1119 2094 2095 2096 2097 2098
944 751 808 808 1039 1013 1024 1911 751 1013 1024 1039 1911
945 11 464 841 841 464 1103 11 2169 1103 2169
946 629 950 947 948 1001 1063 629 1024 1305 1002 947 948 950 1001 1002 1024 1063 1305
947 629 946 946 948 1063 1001 1024 1305 629 1002 950 948 950 1001 1002 1024 1063 1305
948 232 629 787 791 946 947 947 1024 950 629 946 1305 1026 1069 1101 1036 1063 791 787 1001 1002 232 950 1001 1002 1024 1026 1036 1063 1069 1101 1305
949 854 1821 1824 1034 2198 2158 1062 1887 2201 2202 2200 2199 2197 854 1034 1062 1821 1824 1887 2158 2197 2198 2199 2200 2201 2202
950 629 946 947 948 629 946 1305 948 1063 1001 1024 947 1002 1001 1002 1024 1063 1305
951 939 2039 999 1144 939 999 1144 2039
952 149 943 1081 149 943 1010 1011 953 953 1010 1011 1081
953 126 149 943 952 943 126 1011 149 1010 952 1010 1011
954 215 482 482 998 1864 215 1135 998 1135 1864
955 11 324 372 324 11 372 1051 956 1056 1708 956 1051 1056 1708
956 11 252 324 372 781 955 11 372 324 1051 1056 955 252 781 1051 1056
957 609 779 1045 779 609 1140 1910 1839 2286 959 959 1045 1140 1839 1910 2286
958 1506 1276 1519 1276 1506 1519
959 482 609 629 779 957 779 1839 629 609 1045 1140 482 2286 1131 1910 957 1045 1131 1140 1839 1910 2286
960 237 237
961 233 783 1958 783 1959 1306 233 1957 1306 1957 1958 1959
962 22 104 106 106 1801 104 22 1718 1718 1801
963 1275 1275
964 195 200 576 683 765 875 576 1160 1175 195 200 765 875 683 1660 1574 1160 1175 1574 1660
965 1215 1555 1215 1555
966 1995 983 983 1995
967 2144 1970 1970 2144
968 636 636 1128 1128
969 195 908 1239 1307 908 195 2000 972 972 1239 1307 2000
970 1048 1066 1048 1066
971 113 307 325 307 113 325
972 195 644 908 969 195 908 1307 644 969 1307
973 187 660 660 187
974 163 228 1520 1903 163 228 1276 1519 1208 1505 1216 1311 1235 1208 1216 1235 1276 1311 1505 1519 1520 1903
975 3 1816 1687 1547 1817 3 1772 1547 1687 1772 1816 1817
976 88 156 156 88
977 203 463 203 989 463 989
978 666 980 666 980
979 1461 1465 1461 1465
980 666 978 666 978
981 91 327 91 327
982 140 394 394 2055 140 2055
983 709 966 1995 1184 709 1232 966 1240 1184 1232 1240 1995
984 1515 1797 1515 1797
985 394 987 394 986 988 986 987 988
986 394 985 394 985 988 987 987 988
987 394 985 986 985 988 394 986 988
988 394 985 986 987 987 394 986 985
989 203 418 463 977 1358 2063 418 977 1977 2068 463 203 1358 1977 2063 2068
990 942 942
991 202 791 202 1044 1947 791 1044 1947
992 99 623 630 790 1425 1076 1043 1042 2241 2244 790 1133 1036 2242 623 1298 1410 1062 2243 630 99 1036 1042 1043 1062 1076 1133 1298 1410 1425 2241 2242 2243 2244
993 801 801
994 531 908 2183 908 1236 531 1236 2183
995 795 797 2077 1129 795 797 1129 2077
996 233 782 233 1071 782 1071
997 0 60 145 398 500 791 809 936 936 398 791 809 60 500 0 145
998 0 482 954 1135 954 1079 1424 0 1427 482 1079 1135 1424 1427
999 939 951 939 951 2039 1144 1144 2039
1000 400 660 1025 1272 400 1073 1035 660 1025 1035 1073 1272
1001 629 946 947 948 950 629 947 1002 946 950 1063 1305 1024 948 1002 1024 1063 1305
1002 629 946 947 948 950 1001 1024 629 1001 2021 1305 1063 947 946 948 950 1024 1063 1305 2021
1003 104 262 795 796 1142 104 795 1321 796 1150 262 1363 1142 1150 1321 1363
1004 147 147
1005 1510 1491 1491 1510
1006 430 431 460 460 431 430
1007 88 88 1008 1008
1008 88 1007 88 1883 1007 1883
1009 704 704
1010 149 943 952 953 943 1011 952 953 149 1011
1011 149 943 952 953 1010 943 953 1010 952 149
1012 224 224 1551 1551
1013 115 539 751 944 1039 944 115 539 1863 751 1039 1863
1014 248 355 356 875 355 248 875 1829 356 1829
1015 222 2221 222 1703 1703 2221
1016 333 943 333 1709 943 2207 1709 2207
1017 2167 2166 1018 1557 2168 1069 1018 1069 1557 2166 2167 2168
1018 1017 1017
1019 1024 1025 1040 1024 1025 1040
1020 307 434 307 434
1021 321 341 341 321
1022 463 1895 463 1895
1023 627 1438 627 1438
1024 629 808 944 946 947 948 950 1001 1002 1019 1002 1025 1911 1063 808 944 1040 948 947 1019 629 950 946 1001 1305 1039 1025 1039 1040 1063 1305 1911
1025 110 324 802 942 1000 1019 1024 1024 1040 802 1000 942 324 110 1019 1064 1934 1040 1064 1934
1026 232 629 785 787 948 1101 785 629 1069 2163 948 787 1036 232 1036 1069 1101 2163
1027 786 803 1051 803 786 1051
1028 144 1948 1106 144 2022 1061 1085 1061 1085 1106 1948 2022
1029 251 324 580 725 725 1381 324 1697 1345 251 580 1392 1138 1138 1345 1381 1392 1697
1030 482 1431 482 1092 1092 1431
1031 1073 1055 2289 1061 2288 1055 1061 1073 2288 2289
1032 11 19 213 250 432 2010 2005 213 250 19 432 1391 1822 11 2220 1391 1822 2005 2010 2220
1033 921 922 1238 1430 1429 922 921 1046 1047 1046 1047 1238 1429 1430
1034 949 1062 2197 2200 2202 2201 949 1887 2158 2199 2198 1062 1887 2158 2197 2198 2199 2200 2201 2202
1035 1000 1000
1036 232 623 629 787 790 948 992 1026 1298 2244 2242 2241 1410 1133 232 2243 790 1062 629 992 1425 623 1069 1101 1076 787 2240 1026 948 1043 1042 1042 1043 1062 1069 1076 1101 1133 1298 1410 1425 2240 2241 2242 2243 2244
1037 60 60
1038 785 1617 785 1617
1039 751 808 944 1013 1024 808 1013 944 751 1911 1024 1911
1040 836 1019 1024 1025 1025 1024 1019 836
1041 791 934 1436 934 791 1100 1100 1436
1042 398 623 790 992 1036 992 1062 790 1425 2170 2243 398 623 1410 1133 2244 1298 1076 1043 1036 2242 2241 1043 1062 1076 1133 1298 1410 1425 2170 2241 2242 2243 2244
1043 623 790 992 1036 1042 790 992 1425 2243 623 2244 1410 1062 2242 1133 1076 1298 1042 1036 2241 1062 1076 1133 1298 1410 1425 2241 2242 2243 2244
1044 791 991 991 791
1045 482 609 779 957 959 957 1910 779 609 1140 959 1839 482 2286 1140 1839 1910 2286
1046 922 1033 922 1033 1047 1047
1047 922 1033 1046 922 1033 1046
1048 970 970
1049 801 801
1050 420 457 457 420
1051 11 324 786 803 860 955 956 1027 324 860 11 955 956 1027 1056 786 803 1056
1052 214 214
1053 148 148
1054 613 831 831 613
1055 1031 2288 1031 2289 1061 1073 1061 1073 2288 2289
1056 11 324 955 956 1051 11 2072 956 1051 955 1057 324 1057 2072
1057 239 1056 2072 239 1056 2072
1058 394 394
1059 88 157 183 478 157 1532 183 478 88 1532
1060 41 218 41 1331 2292 218 1329 1333 1251 1251 1329 1331 1333 2292
1061 144 407 427 629 802 938 1028 1031 1055 144 1106 427 1069 1085 629 2020 1948 1031 1073 2022 938 407 2289 802 2288 1028 1055 1069 1073 1085 1106 1948 2020 2022 2288 2289
1062 623 790 949 992 1034 1036 1042 1043 2201 623 1034 2158 1042 2202 2198 1133 1425 2241 1410 2199 2170 1036 2242 790 2200 1298 2243 1043 2197 2244 992 1887 949 1076 1076 1133 1298 1410 1425 1887 2158 2170 2197 2198 2199 2200 2201 2202 2241 2242 2243 2244
1063 629 946 947 948 950 1001 1002 1024 1305 947 1024 629 950 946 1127 1002 1001 948 1127 1305
1064 110 243 1025 110 243 1025 1934 1934
1065 118 397 397 118
1066 970 970 1136 1136
1067 426 426
1068 627 793 627 793 1080 1414 1080 1414
1069 232 629 787 948 1017 1026 1036 1061 2167 2190 2189 1147 1557 787 629 1061 1036 1026 2161 2168 2166 1101 948 232 1115 1017 1148 1101 1115 1147 1148 1557 2161 2166 2167 2168 2189 2190
1070 209 209 1093 1093
1071 233 996 996 233
1072 500 821 1865 821 1438 1432 1126 2389 500 1126 1432 1438 1865 2389
1073 660 1000 1031 1055 1061 1031 2289 660 1061 1000 2288 1055 2288 2289
1074 844 1308 1316 1894 1081 1645 1075 844 2006 1937 1075 1081 1308 1316 1645 1894 1937 2006
1075 1074 1074 1081 1081
1076 623 790 992 1036 1042 1043 1062 992 1410 790 2243 1133 2244 1298 1036 1042 1043 2242 623 1425 2241 1062 1133 1298 1410 1425 2241 2242 2243 2244
1077 0 0
1078 49 50 444 444 1678 1167 1642 50 49 1167 1642 1678
1079 998 998 1424 1424
1080 627 1068 627 1068
1081 381 952 1074 1075 381 952 1074 1419 1075 1418 1418 1419
1082 222 429 222 1433 429 1437 1433 1437
1083 355 839 355 839 1153 1153
1084 145 145
1085 144 1028 1061 2022 1061 144 1948 1028 1106 1106 1948 2022
1086 409 409
1087 398 398
1088 233 796 1363 233 796 1363
1089 457 931 457 931
1090 226 241 794 794 1899 1900 1901 241 226 1899 1900 1901
1091 222 222
1092 482 1030 482 1431 1030 1431
1093 209 1070 209 1070
1094 791 828 791 828 1095 1359 1095 1359
1095 791 1094 1094 791
1096 43 235 235 43
1097 83 426 83 426
1098 1421 1122 1122 1421
1099 372 372 1122 1122
1100 791 934 1041 1436 934 791 1041 1436
1101 232 629 787 948 1026 1036 1069 787 2287 1026 629 232 1036 1069 948 2287
1102 1136 1136
1103 464 945 945 464
1104 92 672 92 1123 672 1123
1105 86 385 413 811 413 811 86 385
1106 144 1028 1061 1085 1061 1028 144 2022 1085 1948 1948 2022
1107 869 869 1108 1108
1108 869 1107 869 1107
1109 155 156 1110 156 155 1110
1110 155 156 1109 1109 155 156
1111 473 504 805 504 473 805
1112 75 135 145 373 505 806 869 869 373 1810 75 1139 1811 2212 145 806 135 505 1139 1810 1811 2212
1113 359 363 612 612 359 363
1114 62 274 811 62 274 811
1115 1069 1069
1116 1271 1768 1987 1271 1768 1987
1117 23 414 568 1970 568 414 2393 23 1890 1890 1970 2393
1118 1512 1485 1485 1512
1119 42 731 784 943 731 943 42 784
1120 92 92
1121 332 1199 332 1199
1122 372 1098 1099 372 1099 1098
1123 92 454 672 1104 1104 454 1721 672 92 1721
1124 117 822 822 117
1125 172 768 172 1400 768 1510 1400 1510
1126 500 821 1072 821 1432 1072 1865 2389 500 1438 1432 1438 1865 2389
1127 1063 1063
1128 636 968 636 968
1129 995 995
1130 621 629 629 621
1131 629 959 629 959
1132 369 631 631 369
1133 623 790 992 1036 1042 1043 1062 1076 790 2243 1062 623 1036 2242 992 1410 1076 2241 1043 1042 1298 1425 2244 1298 1410 1425 2241 2242 2243 2244
1134 102 324 324 102
1135 482 954 998 482 998 954
1136 348 349 357 1066 1102 2135 1269 348 357 1102 1066 349 1468 1269 1468 2135
1137 1781 1188 1188 1781
1138 1029 1029
1139 145 806 1112 1112 806 145
1140 609 779 957 959 1045 1910 957 1839 1045 959 779 2286 609 1839 1910 2286
1141 18 85 90 214 294 937 18 294 85 937 214 90 1286 1787 1665 1286 1665 1787
1142 1003 1003 1321 1321
1143 129 476 2216 2210 1173 476 1165 129 1165 1173 2210 2216
1144 939 951 999 939 2039 951 999 2039
1145 344 345 436 527 532 616 1771 532 1848 436 2061 527 616 344 345 1457 1479 1457 1479 1771 1848 2061
1146 188 1387 188 1387
1147 1069 1148 1069 1148
1148 1069 1147 1147 1069
1149 207 273 1198 273 2116 1151 207 1151 1198 2116
1150 104 262 796 1003 796 1003 262 104
1151 207 273 1149 1149 1198 273 207 2116 1198 2116
1152 1640 1638 1639 1638 1639 1640
1153 839 1083 839 1083
1154 663 768 1285 768 1159 663 1159 1285
1155 748 748
1156 768 768
1157 267 289 736 736 267 289 1500 1500
1158 66 670 759 66 759 670
1159 1154 1154
1160 576 644 683 964 576 2151 683 964 1220 644 1220 2151
1161 17 17
1162 713 1671 1171 713 1171 1671
1163 1396 1169 1244 1169 1244 1396
1164 511 713 752 713 752 2218 1831 511 1879 1831 1879 2218
1165 1143 2210 2209 1243 1143 1243 2209 2210
1166 651 651
1167 49 50 1078 1678 1078 49 50 1678
1168 208 425 426 792 426 425 208 792
1169 1163 1396 1163 1396
1170 66 513 2236 513 66 1590 1590 2236
1171 713 1162 713 1162 1671 1671
1172 1350 1999 1483 2028 1849 1487 1350 1483 1487 1849 1999 2028
1173 129 1143 1143 129
1174 163 512 512 163
1175 195 248 658 765 964 1484 2146 658 1818 964 1273 1660 195 1848 765 248 1434 1765 1273 1434 1484 1660 1765 1818 1848 2146
1176 1576 1600 1814 1178 2184 2009 1994 2090 2153 1792 1183 1178 1183 1576 1600 1792 1814 1994 2009 2090 2153 2184
1177 1223 1223
1178 180 1176 180 1600 1176 1602 1792 1600 1602 1792
1179 444 1855 444 1855
1180 1485 1537 1485 1537
1181 391 2203 391 2203
1182 100 185 198 1724 198 1691 100 1601 185 1601 1691 1724
1183 1176 1576 1993 1240 1412 2144 1176 1240 1412 1576 1993 2144
1184 983 983 1232 1232
1185 177 177 1212 1212
1186 375 442 1273 375 442 1273
1187 2228 1595 1228 1229 1228 1229 1595 2228
1188 1137 1802 1781 1137 1781 1802
1189 113 747 113 747 1190 1190
1190 330 1189 1592 1189 1337 330 1337 1592
1191 34 862 862 1918 1722 34 1722 1918
1192 311 328 311 328
1193 20 20
1194 308 308
1195 190 506 804 804 506 190
1196 352 352 2079 2079
1197 301 405 525 778 820 525 405 1614 301 820 778 1806 1614 1806
1198 28 207 273 328 1149 1151 328 273 1149 2303 1151 2116 207 28 2116 2303
1199 332 1121 1121 332
1200 1668 1846 1345 1345 1668 1846
1201 236 236
1202 27 28 96 865 27 865 28 96
1203 733 733
1204 178 1963 1205 2324 178 1984 1205 1963 1984 2324
1205 178 1204 178 1204
1206 188 414 499 188 499 1215 1397 414 1215 1397
1207 187 515 515 1735 1683 1692 1632 2014 1771 187 1632 1683 1692 1735 1771 2014
1208 33 163 181 812 974 1216 181 812 163 1268 1513 1435 1223 1234 2232 1400 1505 1636 974 1276 1235 1514 2147 33 1233 1663 1214 1214 1216 1223 1233 1234 1235 1268 1276 1400 1435 1505 1513 1514 1636 1663 2147 2232
1209 812 1210 812 1210
1210 812 1209 1209 812
1211 71 2367 71 2367
1212 177 1185 1185 177 1480 1480
1213 163 490 829 877 898 899 933 1529 899 898 1497 1640 1395 877 2151 1661 829 1216 1214 1637 933 490 1511 1265 163 2235 1276 1215 2383 1214 1215 1216 1265 1276 1395 1497 1511 1529 1637 1640 1661 2151 2235 2383
1214 163 181 812 1208 1213 812 163 1513 181 1223 1215 1213 1541 1208 1216 1215 1216 1223 1513 1541
1215 188 219 965 1206 1213 1214 1266 965 1225 1575 1216 1214 1206 1521 2262 188 2231 219 1213 1216 1225 1266 1521 1575 2231 2262
1216 177 191 499 974 1208 1213 1214 1215 1208 1505 2227 191 499 1215 1213 1906 974 177 1214 1505 1906 2227
1217 71 647 1218 647 71 1218
1218 1217 1217
1219 812 850 812 850
1220 444 1160 1160 444
1221 183 231 183 2034 231 2034
1222 10 219 10 219
1223 163 181 812 1177 1208 1214 1599 1234 1235 1513 1177 812 1505 1208 1214 163 181 1636 1234 1235 1505 1513 1599 1636
1224 175 175
1225 1215 1215 1641 1641
1226 506 726 1791 1250 1497 506 1732 2181 2048 726 1250 1497 1732 1791 2048 2181
1227 478 1229 478 1228 1228 1229
1228 184 1187 1227 1187 2228 1229 1227 1385 184 1229 1385 2228
1229 184 1187 1227 1228 1227 1385 1187 1228 2228 184 1385 2228
1230 35 763 763 1608 35 1608
1231 198 198
1232 983 1184 1184 983
1233 221 1208 1826 1636 2280 1234 1235 2154 2232 2147 2356 1208 221 1234 1235 1636 1826 2147 2154 2232 2280 2356
1234 163 181 812 1208 1223 1233 1223 1636 163 812 1233 1208 1826 1235 181 2147 1513 2232 1235 1513 1636 1826 2147 2232
1235 163 182 221 231 371 414 812 974 1208 1223 1233 1234 231 1997 1223 1521 1843 1539 163 1513 1690 1526 221 1435 1233 812 1903 371 414 1208 1525 182 2026 1875 1291 1234 974 1542 1291 1435 1513 1521 1525 1526 1539 1542 1690 1843 1875 1903 1997 2026
1236 531 575 908 994 531 908 1769 994 575 1769
1237 531 532 714 911 532 714 1240 1458 911 531 1240 1458
1238 921 922 1033 922 1033 1429 1430 921 1429 1430
1239 499 655 969 499 969 655
1240 709 714 983 1183 1237 714 1393 709 1183 1412 1237 1576 983 1393 1412 1576
1241 3 348 520 520 1483 348 1463 1454 3 1454 1463 1483
1242 3 248 530 589 530 248 3 589 1491 1491
1243 1165 2209 1165 2209
1244 1163 1163
1245 167 341 341 167
1246 1458 1573 1458 1573
1247 392 643 392 643 1849 1849
1248 506 676 1328 676 506 1328
1249 678 678 1471 1471
1250 1226 1226
1251 1060 1329 1060 1582 1329 1582
1252 236 424 706 2321 424 236 1650 706 1650 2321
1253 152 866 1727 866 152 1502 1502 1727
1254 341 341 2325 2325
1255 1483 1483
1256 1397 1397
1257 92 115 592 92 592 115
1258 700 1681 1313 700 1313 1681
1259 848 891 903 2047 848 891 1260 903 1260 2047
1260 848 891 903 1259 848 2047 1259 903 891 2047
1261 757 1536 757 1537 1536 1537
1262 901 901 2174 1263 1263 2174
1263 1262 1262
1264 553 553
1265 1213 1213
1266 219 1215 1215 219 2262 2262
1267 540 784 540 784
1268 45 1208 45 1208 1712 2211 1396 1396 1712 2211
1269 1136 1136 2135 2135
1270 464 486 2196 2071 464 2092 486 2071 2092 2196
1271 1116 1116
1272 400 1000 1000 400
1273 658 1175 1186 1186 1175 1390 658 1390
1274 71 71 1658 1658
1275 677 963 963 2229 677 2229
1276 112 163 199 677 958 974 1208 1213 199 163 677 112 1514 974 1208 958 1506 1519 1213 1506 1514 1519
1277 1411 1411
1278 1345 2027 1345 2027
1279 519 519 1702 1702
1280 68 68
1281 73 73
1282 709 1497 1989 709 1929 1497 1929 1989
1283 36 253 736 736 1446 1670 36 253 1446 1670
1284 30 30 2388 1726 1726 2388
1285 663 1154 1154 663
1286 937 1141 937 1141
1287 281 281
1288 218 218
1289 73 73
1290 57 81 57 1581 81 1581
1291 59 182 221 231 414 1235 1539 1690 1997 182 1403 1738 221 1548 231 414 1680 1235 59 1526 1991 1403 1526 1539 1548 1680 1690 1738 1991 1997
1292 1679 1371 1684 1371 1679 1684
1293 40 40 2043 2044 2319 1581 1581 2043 2044 2319
1294 426 426
1295 144 919 919 1652 144 1653 1647 1648 1651 1647 1648 1651 1652 1653
1296 387 427 430 431 460 1335 427 387 431 460 430 1335
1297 457 457 1406 1406
1298 623 790 992 1036 1042 1043 1062 1076 1133 2243 2241 623 1036 790 2242 1062 992 1076 1133 1410 1425 1042 2244 1043 1410 1425 2241 2242 2243 2244
1299 940 1649 1609 1300 1716 940 1300 1609 1649 1716
1300 940 1299 1609 940 1299 1716 1649 1609 1649 1716
1301 406 407 406 407
1302 938 938 1303 1303
1303 938 1302 938 1302
1304 938 939 939 938
1305 629 946 947 948 950 1001 1002 1024 1063 1063 629 950 1002 948 947 946 1001 1024
1306 961 1959 961 1959
1307 195 644 908 969 972 908 644 972 969 2000 1625 1606 195 1606 1625 2000
1308 844 1074 1074 1894 844 2006 1316 1937 1645 1316 1645 1894 1937 2006
1309 2153 2153
1310 495 495
1311 974 1505 1520 974 1505 1520
1312 26 39 126 39 126 2351 26 2351
1313 634 700 1258 2111 634 1258 1731 700 1729 1346 1346 1729 1731 2111
1314 240 277 487 773 1753 240 1749 277 1748 1750 1752 1571 1754 773 1751 1315 487 1315 1571 1748 1749 1750 1751 1752 1753 1754
1315 240 277 487 773 1314 240 487 773 277 1750 1748 1754 1752 1753 1571 1751 1749 1314 1571 1748 1749 1750 1751 1752 1753 1754
1316 844 1074 1308 2006 1074 1937 1308 844 1894 1645 1645 1894 1937 2006
1317 393 1805 393 1936 1805 1936
1318 1902 2036 1902 2036
1319 98 98
1320 259 568 259 568
1321 1003 1142 1142 1003
1322 243 243
1323 441 1798 441 1891 1798 1891
1324 282 320 331 354 367 331 320 354 282 367
1325 300 300
1326 416 612 700 700 1819 416 612 1346 1347 2352 1729 1361 1346 1347 1361 1729 1819 2352
1327 1931 1719 1720 1719 1720 1931
1328 506 1248 1719 1720 1248 1330 506 1330 1719 1720
1329 41 1060 1251 1582 2370 1060 1251 41 1581 1331 1331 1581 1582 2370
1330 1328 1719 1720 1328 1719 1720
1331 80 443 1060 1329 1060 443 2342 80 1930 1329 2036 1930 2036 2342
1332 375 375 1538 1538
1333 41 218 1060 2126 218 2292 2283 1060 41 2254 2126 2254 2283 2292
1334 598 598 1858 1858
1335 387 430 431 460 1296 431 1296 430 387 460
1336 265 300 300 1917 2176 265 2177 2175 2012 1917 2012 2175 2176 2177
1337 113 314 1190 113 314 1190
1338 1342 1888 1654 1343 1342 1343 1654 1888
1339 240 240 1615 1498 1605 1498 1605 1615
1340 401 401
1341 1859 1472 1471 1492 1471 1472 1492 1859
1342 1338 1338 1654 1343 1888 1343 1654 1888
1343 1338 1342 1654 1342 1888 1338 1654 1888
1344 841 841 1908 1908
1345 163 251 749 1029 1200 1278 1278 163 1029 1392 1200 749 2102 1978 251 1392 1978 2102
1346 416 424 612 634 700 1313 1326 424 2111 634 1347 2352 2110 1729 1326 612 1731 1361 416 1819 700 1313 1347 1361 1729 1731 1819 2110 2111 2352
1347 416 612 700 1326 1346 1361 1729 1346 2352 700 1819 612 1326 416 1361 1729 1819 2352
1348 254 290 832 290 254 832
1349 414 414 1988 1988
1350 1172 1172 1849 1849
1351 444 444
1352 1471 1460 1490 1489 1460 1471 1489 1490
1353 108 108
1354 108 397 517 397 517 1783 1593 108 1593 1783
1355 2267 2178 2257 2178 2257 2267
1356 248 248 1553 1554 1795 1553 1554 1795
1357 17 204 270 613 1552 204 270 613 17 1730 1552 1730
1358 418 989 989 2068 418 1977 1977 2068
1359 791 828 1094 1094 791 828
1360 95 95 1631 1630 1630 1631
1361 416 612 700 1326 1346 1347 1347 1819 612 416 1346 2352 1326 700 1729 1729 1819 2352
1362 112 441 1398 441 112 1398
1363 104 795 796 1003 1088 104 796 1088 795 1003
1364 1381 2066 2064 1381 2064 2066
1365 449 449 1955 1955
1366 97 1549 97 1549
1367 414 499 414 499
1368 391 479 479 1868 1866 391 1867 1866 1867 1868
1369 440 457 524 2392 440 457 524 2392
1370 214 214
1371 1292 1684 1292 1684
1372 533 533
1373 496 684 496 1976 684 1976
1374 666 1562 1563 666 1603 1562 1563 1603
1375 463 463
1376 1706 2362 1706 2362
1377 818 2115 2069 1428 1559 818 1428 1559 2069 2115
1378 150 1878 150 1878
1379 287 311 311 287
1380 160 160
1381 4 116 1029 1364 4 1029 1364 1786 116 2064 1786 2064
1382 317 322 322 317
1383 300 300
1384 55 55
1385 55 184 890 1228 1229 55 1229 890 184 1228
1386 804 804
1387 188 1146 1146 188
1388 141 278 330 351 351 278 141 330
1389 20 20
1390 30 389 1273 2059 1725 30 1986 1273 389 2032 1725 1986 2032 2059
1391 19 20 165 213 1032 213 2087 1870 1736 2005 2010 165 19 1032 20 1898 1736 1870 1898 2005 2010 2087
1392 749 1029 1345 1978 1345 1029 749 1978
1393 530 531 678 1240 1240 531 678 530
1394 116 116 2125 2335 2125 2335
1395 549 829 1213 1878 1486 1213 1497 1450 829 549 1450 1486 1497 1878
1396 1163 1169 1268 1163 1877 1169 1402 2211 1268 1402 1877 2211
1397 186 1206 1256 2125 1256 186 2033 1206 2156 1793 1793 2033 2125 2156
1398 112 441 1362 1362 112 441
1399 3 704 745 746 1477 745 1449 3 704 746 1449 1477
1400 172 768 1125 1208 768 1125 172 1208 1510 1510
1401 49 49 2052 2051 2051 2052
1402 1396 1877 1396 1877
1403 1291 1291
1404 43 43 2302 2302
1405 846 2224 1955 846 1955 2224
1406 457 1297 457 1297
1407 407 407
1408 1977 1977
1409 74 809 74 809
1410 623 790 992 1036 1042 1043 1062 1076 1133 1298 2241 2242 2244 1036 1076 1062 623 1425 790 1133 1043 1042 992 2243 1298 1425 2241 2242 2243 2244
1411 911 1277 911 1465 1277 1465
1412 169 624 1183 1240 1996 169 624 1240 1968 1576 1183 1660 1576 1660 1968 1996
1413 232 471 471 2165 232 2165
1414 1068 1068
1415 785 1416 785 1416
1416 785 1415 1415 785
1417 1849 2382 1849 2382
1418 381 1081 1419 381 1081 1419
1419 381 1081 1418 1418 1081 381
1420 60 61 412 412 61 60
1421 1098 1098
1422 846 859 846 859 1950 2214 1950 2214
1423 1 1
1424 998 1079 998 1079
1425 623 790 992 1036 1042 1043 1062 1076 1133 1298 1410 992 1043 1042 1062 1410 1036 1298 1133 623 2244 2243 2242 2241 1076 790 2241 2242 2243 2244
1426 117 671 117 671
1427 0 998 0 998
1428 17 818 833 1377 1559 1377 17 2187 1926 2115 2069 818 833 1559 1926 2069 2115 2187
1429 921 922 1033 1238 1430 1033 1238 922 921 1430
1430 921 922 1033 1238 1429 1429 1033 1238 921 922
1431 482 1030 1092 1030 1092 482
1432 500 821 1072 1126 821 1126 1072 2389 1865 500 1438 1438 1865 2389
1433 222 429 835 941 1082 1082 1437 835 941 222 429 1437
1434 1175 1848 2067 1175 1848 2067
1435 163 453 812 1208 1235 1208 1235 453 812 163 1654 1654
1436 791 934 1041 1100 791 1100 934 1041
1437 222 429 1082 1433 1433 222 1082 429
1438 500 627 821 1023 1072 1126 1432 821 1072 500 2389 1023 627 1432 1865 1126 1865 2389
1439 1608 1608
1440 733 2109 733 1441 1441 2109
1441 733 1440 733 2109 1440 2109
1442 257 257
1443 224 1551 224 1558 1551 1558
1444 1778 2248 1778 2248
1445 402 810 1632 1530 402 810 1530 1632
1446 36 253 736 1283 1283 253 736 36 1670 1670
1447 1471 1471
1448 357 357
1449 3 138 292 326 348 366 532 1399 326 3 1399 292 348 1477 138 532 366 1477
1450 1395 1486 1395 1878 1486 1878
1451 357 357
1452 309 323 336 388 388 336 309 323
1453 528 846 846 528 1467 1467
1454 1241 1241 1483 1483
1455 296 296
1456 296 339 339 296
1457 616 1145 1771 1145 616 1771
1458 1237 1246 1246 1573 1237 1573
1459 1509 1509
1460 1352 1489 1352 1489
1461 979 979
1462 528 678 528 678
1463 3 348 355 520 1241 520 3 355 348 1241
1464 531 678 531 678
1465 345 532 678 911 979 1411 1496 678 1481 1411 345 911 979 532 1468 1468 1481 1496
1466 391 479 479 391
1467 528 846 1453 528 846 1453
1468 349 357 532 1136 1465 532 357 1913 349 1136 1465 1913
1469 414 415 1490 1842 415 1522 414 1490 1522 1842
1470 134 193 1982 134 193 1982
1471 118 248 370 521 523 531 678 735 906 1249 1341 1352 1447 735 1490 1352 1770 531 1447 1503 521 523 1341 1489 906 1644 678 1249 248 370 118 1780 1522 1489 1490 1503 1522 1644 1770 1780
1472 765 1341 765 1341 1473 1492 1859 1473 1492 1859
1473 130 345 532 765 838 1472 345 532 130 765 2061 1472 838 2061
1474 2154 2154
1475 359 520 520 359
1476 356 356
1477 3 441 704 1399 1449 1399 441 3 1449 704
1478 1734 1494 2261 1966 2312 1494 1734 1966 2261 2312
1479 345 1145 345 1145
1480 248 1212 1956 248 1212 1956
1481 532 678 911 1465 911 678 1465 532
1482 709 1781 709 1495 1495 1781
1483 1172 1241 1255 1454 2028 1983 1172 1241 1255 1454 1983 2028
1484 875 1175 1175 1485 1512 875 1485 1512
1485 73 1118 1180 1484 1537 1180 73 1484 1711 1118 1512 1524 1512 1524 1537 1711
1486 1395 1450 1395 1450 1878 1878
1487 1172 1172 1999 1999
1488 527 527
1489 8 523 906 1352 1460 1471 8 1495 1460 1585 1471 1352 906 523 1495 1585
1490 521 1352 1469 1471 1469 1471 1522 521 1352 1522
1491 530 1005 1242 1986 530 1005 1242 1986
1492 1341 1472 1341 1472
1493 756 756 1606 1606
1494 529 1478 1478 529 1734 1734
1495 709 1482 1489 1489 709 1686 1585 1482 1585 1686
1496 345 911 1465 1465 345 911
1497 3 188 251 506 549 709 726 727 829 1213 1226 1282 1395 1213 829 188 1282 251 3 1395 506 1226 549 726 727 709
1498 1339 1339 1605 1615 1605 1615
1499 446 1701 446 1701
1500 267 289 736 1157 736 289 267 1157
1501 290 290
1502 152 1253 152 1253
1503 521 735 1471 1770 521 1471 735 1770
1504 229 840 886 886 1517 1516 229 840 1516 1517
1505 163 812 974 1208 1216 1223 1311 1311 1216 1636 163 812 1223 1208 974 1520 1520 1636
1506 199 958 1276 199 958 1519 1276 1519
1507 1601 1601
1508 1510 1510
1509 1459 1459 1993 1993
1510 77 172 221 620 768 1005 1125 1400 1508 768 1005 221 1508 77 1525 1125 2081 1400 620 172 1525 2081
1511 109 462 933 1213 1589 109 1529 1213 933 462 1529 1589
1512 1118 1484 1485 1484 1118 1485
1513 163 181 812 1208 1214 1223 1234 1235 1223 1235 1208 1214 812 163 181 1234 1542 1542
1514 1208 1276 1276 1208
1515 984 984 2320 1797 1797 2320
1516 1504 2338 1504 2338
1517 229 840 886 1504 229 1504 886 840
1518 157 478 478 157
1519 199 958 974 1276 1506 199 974 1506 1276 958
1520 974 1311 1505 974 1311 1505
1521 182 231 1215 1235 231 1235 182 1575 1215 1525 1527 1525 1527 1575
1522 118 248 1469 1471 1490 1490 1775 1469 248 118 1471 1775
1523 1535 1548 1535 1548
1524 1485 1485
1525 182 221 231 1235 1510 1521 182 1510 221 2026 1903 1235 1521 231 1903 2026
1526 221 414 1235 1291 1235 1539 1690 1997 221 414 1291 1539 1690 1997
1527 1521 1521
1528 414 415 414 415
1529 933 1213 1511 1213 933 1511
1530 402 810 1445 1632 1799 1445 810 402 1632 1799
1531 1689 1689
1532 183 478 1059 478 1059 183
1533 231 231 1680 1680
1534 488 515 676 488 515 676
1535 1523 1523 1548 1548
1536 757 1261 757 1261 1537 1537
1537 1180 1261 1485 1536 1485 1536 1180 1261
1538 375 1332 375 1332
1539 194 221 230 231 414 1235 1291 1526 1291 1235 1526 1843 230 1841 1997 194 231 414 1690 221 1714 1690 1714 1841 1843 1997
1540 574 574 1956 1956
1541 181 1214 181 1214
1542 1235 1513 1235 1513
1543 271 1744 271 1675 1675 1744
1544 549 549
1545 759 759
1546 543 876 876 543
1547 975 975
1548 182 231 1291 1523 1535 182 1991 1738 1291 1535 231 1523 1680 1680 1738 1991
1549 97 1366 1366 97
1550 44 305 308 44 308 305
1551 224 481 1012 1443 1558 1443 224 481 1012 1558
1552 204 270 1357 204 270 1357
1553 1356 1356
1554 248 1356 2341 1356 248 2341
1555 965 965
1556 173 1966 2250 2249 1889 2035 173 2294 1889 1966 2035 2249 2250 2294
1557 1017 1069 1069 2167 1017 2168 2166 2166 2167 2168
1558 224 1443 1551 1551 224 1443
1559 818 1377 1428 1428 1377 2069 818 2069
1560 463 463 2114 2117 2114 2117
1561 98 98
1562 1374 1563 1374 2195 1603 1563 1603 2195
1563 1374 1562 1562 1374 2195 2195
1564 182 231 231 182
1565 2293 2056 2056 2293
1566 137 540 541 660 540 2186 541 660 137 2186
1567 185 1724 185 1724
1568 12 401 459 1755 1762 12 401 1760 1761 1569 459 1569 1755 1760 1761 1762
1569 12 401 459 1568 401 459 1762 1761 1760 1755 12 1568 1755 1760 1761 1762
1570 428 775 428 775 2070 2105 2358 2070 2105 2358
1571 240 277 487 773 1314 1315 487 1314 1749 1754 1752 1753 1748 1750 1315 240 1751 277 773 1748 1749 1750 1751 1752 1753 1754
1572 410 879 879 410 1713 1713
1573 1246 1458 1458 1246
1574 200 964 200 2182 964 2182
1575 1215 1521 1936 1215 1521 2085 1936 2085
1576 1176 1183 1240 1412 1183 1176 1240 1412
1577 282 282
1578 278 1893 278 1684 1684 1893
1579 327 327
1580 117 412 858 117 412 858
1581 41 57 81 1290 1293 1329 57 2368 2369 2364 1329 41 81 1293 1290 2319 2319 2364 2368 2369
1582 1251 1329 1329 1251
1583 1696 1696
1584 575 575
1585 709 1489 1495 709 1686 1489 1495 1686
1586 333 358 838 838 358 333
1587 301 347 347 301
1588 250 281 281 250
1589 1511 1511
1590 66 513 1170 2236 513 66 1170 2236
1591 1592 1592
1592 1190 1591 1190 1591
1593 517 1354 1354 517
1594 237 237
1595 1187 1187
1596 530 530
1597 100 1598 100 1598
1598 100 1597 1597 100
1599 1223 1223
1600 1176 1178 1178 1176 1792 2073 1792 2073
1601 533 1182 1507 1507 1182 533 1724 1724
1602 180 1178 180 1178
1603 529 1374 1562 529 1833 1374 1562 1833
1604 653 775 653 775
1605 1339 1498 1615 1498 1339 1615
1606 756 1307 1493 756 1493 1307
1607 444 626 626 444
1608 1230 1439 1230 1439
1609 1299 1300 1299 1300
1610 314 314 1666 1666
1611 642 692 642 2299 692 2299
1612 417 484 550 650 656 915 915 484 550 650 417 656
1613 733 733 2108 2108
1614 405 525 778 820 1197 1197 525 820 778 1806 405 1806
1615 1339 1498 1605 1339 1605 1498
1616 590 832 590 832
1617 878 1038 1038 878 2219 2219
1618 911 911 2001 2001
1619 2227 2375 2227 2375
1620 563 1686 563 1686
1621 139 470 576 586 587 139 586 587 470 576
1622 837 837
1623 650 650
1624 368 368
1625 644 1307 644 1307
1626 179 193 258 392 414 538 908 538 1655 908 392 414 258 179 2179 193 1655 2179
1627 95 95 1628 1629 1628 1629
1628 1627 1629 1627 1629
1629 1627 1628 1628 1627
1630 1360 1631 1360 1631
1631 95 1360 1630 1630 1360 95
1632 185 402 746 810 1207 1445 1530 1530 1445 1692 2159 746 402 185 1207 810 1692 2159
1633 25 25
1634 242 1635 242 1635
1635 242 1634 1634 242
1636 163 812 1208 1223 1233 1234 1505 2232 1234 1233 1505 2147 1208 812 163 1223 2147 2232
1637 490 758 1213 1213 758 490
1638 1152 1152 1639 1640 1639 1640
1639 1152 1638 1638 1152 1640 1640
1640 1152 1213 1638 1639 1213 1152 2383 1639 1638 2151 2151 2383
1641 1225 1225
1642 444 1078 444 1078
1643 341 754 754 341
1644 1471 1471
1645 844 871 1074 1308 1316 2353 1074 1937 1894 844 2006 871 1316 1308 1894 1937 2006 2353
1646 276 276
1647 144 1295 1295 144 1648 1648
1648 144 1295 1647 144 1295 1647
1649 1299 1300 1299 1300 1716 1716
1650 236 1252 236 2321 1252 2321
1651 919 1295 919 1653 1652 1295 1652 1653
1652 919 1295 1651 1295 919 1651 1653 1653
1653 919 1295 1651 1652 919 1651 1295 1652
1654 453 1338 1342 1343 1435 1343 1888 453 1338 1342 1435 1888
1655 1626 1626
1656 178 189 189 178
1657 1930 1930
1658 71 197 1274 71 197 1274 2272 2272
1659 170 1701 170 1790 1701 1790
1660 195 624 765 964 1175 1412 195 624 1175 1412 765 964
1661 1213 1213 2230 2230
1662 1792 1792
1663 6 1208 2156 2239 6 1208 2156 2239
1664 374 759 759 374
1665 294 1141 1787 294 1141 1787
1666 314 321 324 1610 1610 324 314 321
1667 281 864 864 281
1668 1200 1200 1846 1846
1669 759 759
1670 36 253 736 1283 1446 36 1283 253 736 1446
1671 713 868 1162 1171 1162 713 868 1171 1803 1803
1672 748 748
1673 405 525 2136 2137 2138 405 525 2139 2136 2137 2138 2139
1674 537 537
1675 271 1543 1543 271
1676 2227 2376 2227 2376
1677 505 505
1678 49 50 1078 1167 1078 1167 50 49
1679 1292 1292
1680 182 231 1291 1533 1548 1738 182 1533 1991 1291 1548 231 1738 1991
1681 1258 1258
1682 33 33
1683 1207 1207
1684 278 1292 1371 1578 1578 1371 1292 278
1685 134 134 1982 1982
1686 563 709 1495 1585 1620 1585 709 1620 563 1495
1687 975 1816 1772 975 1817 1772 1816 1817
1688 6 2339 6 1932 1971 1932 1971 2339
1689 1531 1531 2227 2060 2062 2030 2030 2060 2062 2227
1690 63 221 391 414 1235 1291 1526 1539 1291 1997 391 63 1235 221 1526 414 1539 1997
1691 1182 1182
1692 1207 1632 1632 1207
1693 198 198
1694 148 148
1695 256 439 439 256
1696 343 1583 343 1583
1697 580 1029 580 1029
1698 684 684
1699 233 233 1700 1700
1700 233 1699 233 1699
1701 446 708 1499 1659 2278 2204 1790 1659 1499 446 708 1790 2204 2278
1702 519 1279 1871 1898 519 1279 1871 1898
1703 1015 2221 1015 2221
1704 542 667 704 2101 667 542 704 2101
1705 677 1845 677 2034 1878 1845 1878 2034
1706 387 638 1376 387 638 2362 1376 2362
1707 256 430 256 2023 430 1892 2024 2017 1892 2017 2023 2024
1708 324 955 324 955
1709 1016 1016
1710 73 73
1711 73 1485 73 1485
1712 45 1268 1268 45
1713 879 1572 879 1572
1714 1539 1539
1715 68 750 2350 750 68 2350
1716 1299 1300 1649 1300 1299 1649
1717 43 43
1718 104 962 1801 104 962 1801
1719 1327 1328 1330 1327 1330 1328 1931 1720 1720 1931
1720 41 1327 1328 1330 1719 1330 1328 1981 1931 1327 2269 41 1719 1931 1981 2269
1721 1123 1123
1722 34 307 1191 34 1191 307 1918 1723 2128 1723 1918 2128
1723 307 1722 307 2128 1722 2128
1724 100 185 1182 1567 1601 1182 1567 185 100 1601
1725 30 1390 1390 30
1726 30 1284 30 1284
1727 152 219 1253 152 1253 219
1728 851 851
1729 416 424 612 634 700 1313 1326 1346 1347 1361 2110 1974 1731 2275 1347 612 2352 700 1346 1819 416 634 2316 1313 1326 2111 424 1361 1731 1819 1974 2110 2111 2275 2316 2352
1730 613 1357 613 1357
1731 634 700 1313 1346 1729 634 1729 1313 1346 2111 700 2111
1732 1226 1226
1733 1821 1821
1734 1478 1494 1478 1494
1735 1207 1207 2014 2014
1736 19 20 1391 19 20 1391
1737 418 2237 1916 2357 2238 418 1916 2237 2238 2357
1738 182 231 1291 1548 1680 1680 182 1291 1548 231 1991 1991
1739 886 2178 886 2178
1740 416 416
1741 188 231 188 1835 231 2056 1835 2056
1742 376 376 2076 1953 1953 2076
1743 2113 2113
1744 443 477 1543 1543 443 2268 2291 477 2268 2291
1745 89 861 863 863 89 861
1746 711 867 2086 711 1773 867 1773 2086
1747 399 399
1748 240 277 487 773 1314 1315 1571 277 240 1314 1749 1315 1754 1571 1750 1753 1752 773 1751 487 1749 1750 1751 1752 1753 1754
1749 240 277 487 773 1314 1315 1571 1748 1752 1753 1750 1751 1314 277 773 1748 1571 240 487 1315 1754 1750 1751 1752 1753 1754
1750 240 277 487 773 1314 1315 1571 1748 1749 1749 277 1314 1315 240 1754 1571 487 1748 1753 1752 773 1751 1751 1752 1753 1754
1751 240 277 487 773 1314 1315 1571 1748 1749 1750 1749 773 240 487 1314 1754 1315 1752 1753 1750 1748 1571 277 1752 1753 1754
1752 240 277 487 773 1314 1315 1571 1748 1749 1750 1751 1749 487 277 1314 240 1315 1571 1750 1748 1753 773 1751 1754 1753 1754
1753 240 277 487 773 1314 1315 1571 1748 1749 1750 1751 1752 1749 1314 277 773 1571 487 1315 1754 1748 1750 1752 1751 240 1754
1754 240 277 487 773 1314 1315 1571 1748 1749 1750 1751 1752 1753 487 277 1314 1571 1315 1750 1748 1753 1751 1752 773 240 1749
1755 12 401 459 1568 1569 1568 12 459 1761 1762 401 1760 1569 1760 1761 1762
1756 470 470
1757 51 111 1893 1804 2171 51 111 1804 1893 2171
1758 601 641 896 601 641 896
1759 472 472
1760 12 396 401 422 433 459 472 547 641 740 880 1568 1569 1755 422 1813 459 2361 401 472 1762 1761 880 641 547 1755 1568 433 12 1812 396 740 1569 1761 1762 1812 1813 2361
1761 12 401 459 1568 1569 1755 1760 459 401 1755 12 1760 1762 1568 1569 1762
1762 12 401 459 1568 1569 1755 1760 1761 459 401 1568 1755 12 1760 1761 1569
1763 589 589
1764 359 562 737 562 359 737
1765 1175 1175
1766 9 9 2148 2148
1767 655 734 908 2150 655 734 908 2150
1768 238 1116 1116 1985 2227 238 1985 2227
1769 575 1236 575 1236
1770 521 735 1471 1503 1503 521 1471 735
1771 616 1145 1207 1457 1145 1457 616 1207
1772 975 1687 1687 1816 1817 975 1816 1817
1773 867 1746 867 1746 1777 1783 1777 1783
1774 116 116
1775 1522 1522
1776 9 9
1777 1773 1773
1778 502 1444 2248 1444 502 2248
1779 245 1815 245 1815
1780 531 678 1471 678 531 1471
1781 1137 1188 1482 1482 1137 1188
1782 575 575
1783 108 1354 1773 1354 108 1773
1784 238 238
1785 19 213 19 213
1786 1381 1381
1787 294 1141 1665 294 1665 1141
1788 843 2391 843 2391
1789 71 72 175 72 71 175
1790 1659 1701 1701 1659
1791 726 1226 1226 726
1792 196 1176 1178 1600 1662 1600 1662 1176 2180 1178 196 2180
1793 1397 2156 1397 2156
1794 203 203
1795 1356 1356
1796 170 2365 1828 2307 1797 170 1797 1828 2307 2365
1797 984 1515 1796 1796 984 1515
1798 1323 1323
1799 1530 1530
1800 2154 2154
1801 104 962 1718 1718 962 104
1802 1188 1188 2387 2387
1803 868 1671 868 1671
1804 51 111 1757 1893 1757 111 2171 51 1893 2171
1805 393 1317 1317 393
1806 405 525 778 820 1197 1614 405 525 778 1614 1197 820
1807 590 618 618 590
1808 880 1809 880 1809
1809 880 1808 880 1808
1810 145 1112 1811 1112 145 1811
1811 145 1112 1810 1810 145 1112
1812 401 880 1760 1813 880 1760 401 1813
1813 401 880 1760 1812 1760 1812 880 401
1814 1176 1176 2090 2090
1815 54 1779 1779 2002 54 2002
1816 975 1687 1772 975 1687 1817 1772 1817
1817 975 1687 1772 1816 1687 975 1816 1772
1818 1175 1175 1848 1848
1819 416 612 700 1326 1346 1347 1361 1729 700 1361 1326 612 1347 2352 1729 1346 416 2352
1820 290 290
1821 854 949 1733 949 1733 1824 854 1824
1822 250 1032 250 1032
1823 359 359 1825 1825
1824 854 949 1821 949 1821 854
1825 359 1823 1823 359
1826 1233 1234 1233 1234
1827 1905 1830 2279 1830 1905 2279
1828 1796 1990 1796 2307 1990 2307
1829 875 1014 875 1014
1830 196 1827 1827 196 1905 2279 1905 2279
1831 511 752 1164 511 752 2218 1164 2218
1832 1997 1997
1833 1603 1603
1834 32 32
1835 188 231 1741 1741 188 231
1836 322 322
1837 447 447
1838 2252 2126 2127 2126 2127 2252
1839 609 779 957 959 1045 1140 959 1140 779 2286 957 1045 609 1910 1910 2286
1840 337 386 386 1897 337 1897
1841 231 1539 1539 231
1842 414 415 1469 1469 415 414
1843 1235 1539 1235 1539
1844 103 837 2359 2326 837 2104 103 2104 2326 2359
1845 1705 1705
1846 1200 1668 1200 1668
1847 121 179 179 121
1848 1145 1175 1434 1818 2061 1145 1434 1175 1818 2061
1849 171 392 643 1172 1247 1350 1417 643 1417 171 1350 392 1247 2382 1172 2382
1850 499 546 546 1851 499 1851
1851 499 546 1850 1850 546 499
1852 112 677 112 677
1853 677 677 1854 1854
1854 677 1853 1853 677
1855 1179 1179 1856 1857 1856 1857
1856 1855 1855
1857 1855 1855
1858 598 1334 1334 598
1859 1341 1472 1341 1472
1860 113 113
1861 543 543
1862 896 896
1863 115 539 1013 115 1013 539
1864 215 954 215 954
1865 500 821 1072 1126 1432 1438 1072 500 821 2389 1126 1432 1438 2389
1866 1368 1368
1867 391 479 1368 479 1868 391 1368 1868
1868 1368 1867 1368 1867
1869 98 98 2394 2394
1870 19 165 1391 165 1391 19 1898 2087 1898 2087
1871 1702 1702 1898 1898
1872 98 371 769 769 371 98
1873 168 391 391 168
1874 371 371
1875 98 371 1235 1235 371 98
1876 20 20
1877 1396 1402 1396 1402
1878 150 1378 1395 1450 1486 1705 1395 150 1450 1378 1486 1705
1879 1164 1164
1880 275 1884 2371 2270 275 2372 1884 2270 2371 2372
1881 267 2050 2049 267 2049 2050
1882 601 601
1883 88 1008 88 1008
1884 275 1880 1880 275
1885 154 2246 2253 2298 154 2386 2366 2259 2246 2253 2259 2298 2366 2386
1886 775 2057 775 2057
1887 949 1034 1062 2201 2200 2198 1034 2197 2202 1062 2199 949 2158 2158 2197 2198 2199 2200 2201 2202
1888 1338 1342 1343 1654 1654 1338 1343 1342
1889 173 1556 173 1556
1890 414 568 1117 568 414 1970 1117 1970
1891 1323 1323
1892 256 430 1707 2017 430 2023 256 1707 2024 2017 2023 2024
1893 51 111 1578 1757 1804 1757 1578 1804 51 111 2171 2171
1894 844 1074 1308 1316 1645 1308 1074 844 2006 1937 1645 1316 1937 2006
1895 463 1022 463 1022
1896 60 2112 60 2112
1897 337 386 388 1840 337 386 388 1840
1898 19 165 1391 1702 1870 1871 1702 2157 1870 1391 165 2087 1871 19 2087 2157
1899 226 241 794 1090 1901 794 226 1090 1900 241 1900 1901
1900 226 241 794 1090 1899 241 794 226 1899 1901 1090 1901
1901 226 241 794 1090 1899 1900 1899 794 226 241 1900 1090
1902 1318 1318 2036 2036
1903 163 974 1235 1525 974 2026 1235 1525 163 2026
1904 243 243
1905 220 1827 1830 2279 1827 2263 220 1830 2263 2279
1906 177 1216 1216 177 2227 2227
1907 134 134 1909 1909
1908 841 1344 1344 841
1909 134 1907 134 1907
1910 609 779 957 959 1045 1140 1839 1045 1140 957 609 1839 2286 959 779 2286
1911 808 944 1024 1039 1024 808 944 1039
1912 86 385 418 930 930 86 385 418
1913 357 1468 357 1468
1914 376 377 455 467 376 377 467 455
1915 419 496 825 825 496 419
1916 418 1737 2237 418 1737 2357 2238 2237 2238 2357
1917 265 300 1336 265 2177 1336 2176 2012 2175 300 2012 2175 2176 2177
1918 34 1191 1722 34 1191 1722
1919 265 265 1920 1920
1920 265 1919 265 1919
1921 317 353 855 905 317 353 855 905
1922 343 343
1923 209 795 2008 209 795 2007 2007 2008
1924 107 775 107 775
1925 378 395 402 402 1927 378 395 1927
1926 818 833 1428 2187 833 1428 818 2187
1927 1925 1925
1928 206 851 851 206
1929 1282 2277 1989 1282 1989 2277
1930 443 1331 1657 2036 2342 1657 1331 2322 443 2036 2322 2342
1931 1327 1719 1720 1327 1719 1720
1932 6 1688 6 1971 1688 2339 1971 2339
1933 7 244 7 244
1934 110 1025 1064 110 1064 1025
1935 679 679
1936 1317 1575 1575 1317
1937 844 1074 1308 1316 1645 1894 1316 1894 1645 2006 1308 844 1074 2006
1938 27 96 27 96 1939 1939
1939 27 96 1938 96 27 1938
1940 1996 1996
1941 65 211 266 211 266 1942 1943 65 1942 1943
1942 65 211 266 1941 211 1943 266 1941 65 1943
1943 65 211 266 1941 1942 1942 211 266 1941 65
1944 73 73 2013 2013
1945 2154 2264 2259 2154 2259 2264
1946 425 425
1947 202 991 202 991
1948 144 1028 1061 1085 1106 1028 2022 144 1061 1085 1106 2022
1949 638 638
1950 859 1422 2041 859 1422 2041
1951 707 1952 707 1952
1952 707 1951 1951 707
1953 376 594 1742 594 376 1742 2076 2076
1954 399 399
1955 846 1365 1405 1405 846 1365
1956 248 574 1480 1540 574 1480 248 1540
1957 233 783 961 1958 783 1960 233 961 1958 1960
1958 233 783 961 1957 961 1957 783 233
1959 961 1306 1306 961
1960 1957 1957
1961 721 724 724 721
1962 720 729 906 906 729 720
1963 178 1204 1204 178
1964 722 722
1965 589 589
1966 1478 1556 1556 1478
1967 196 2058 196 2058
1968 169 1412 1996 1412 169 1996
1969 196 2248 1998 2306 2222 196 1998 2222 2248 2306
1970 414 568 967 1117 1890 568 1117 967 414 1890
1971 6 1688 1932 1932 2339 6 1688 2339
1972 437 450 451 632 450 451 437 632
1973 52 507 507 52
1974 1729 2316 1729 2111 2275 2111 2275 2316
1975 466 467 466 467
1976 496 653 684 1373 684 1373 496 653
1977 418 989 1358 1408 1408 989 2068 1358 418 2068
1978 749 1345 1392 1392 1345 749
1979 11 2019 11 2019
1980 163 703 703 163
1981 41 1720 2269 1720 41 2269
1982 134 193 1470 1685 1470 1685 193 134
1983 1483 1483
1984 178 1204 178 1204
1985 1768 1768 2227 2227
1986 389 1390 1491 1491 389 1390
1987 1116 1116
1988 414 1349 1349 414
1989 1282 1929 1929 1282
1990 1828 1828
1991 182 231 1291 1548 1680 1738 1548 231 1680 182 1738 1291
1992 33 150 2340 33 150 2340
1993 1183 1509 1183 2144 1509 2144
1994 1176 2009 1176 2184 2153 2009 2153 2184
1995 421 536 966 983 983 536 966 2162 421 2162
1996 169 1412 1940 1968 1412 1968 169 1940
1997 221 414 1235 1291 1526 1539 1690 1832 1235 1690 1291 1832 1539 1526 414 221
1998 103 1969 1969 2222 103 2306 2233 2222 2233 2306
1999 1172 1487 1172 1487
2000 969 1307 969 1307
2001 911 1618 911 1618
2002 1815 1815
2003 744 745 745 744
2004 245 245
2005 19 213 1032 1391 1032 213 1391 19 2010 2010
2006 844 1074 1308 1316 1645 1894 1937 1316 844 1308 1894 1937 1074 1645
2007 209 795 1923 209 2008 1923 795 2008
2008 209 795 1923 2007 1923 209 2007 795
2009 1176 1994 1994 1176 2184 2153 2153 2184
2010 19 213 1032 1391 2005 1032 1391 19 2005 213
2011 2054 2054
2012 265 300 1336 1917 2175 2176 300 1917 265 2177 1336 2175 2176 2177
2013 73 1944 1944 73
2014 1207 1735 1735 1207
2015 169 2313 169 2313
2016 267 2017 267 2017
2017 256 267 430 1707 1892 2016 267 1892 2023 2024 2016 256 430 1707 2023 2024
2018 280 427 431 431 2025 427 280 2025
2019 11 1979 11 1979
2020 629 1061 1061 629
2021 1002 1002
2022 144 1028 1061 1085 1106 1948 1085 1948 1028 1061 1106 144
2023 256 430 1707 1892 2017 430 256 1892 2017 1707 2024 2024
2024 256 430 1707 1892 2017 2023 430 256 2017 2023 1707 1892
2025 280 431 2018 280 2018 431
2026 1235 1525 1903 1903 1525 1235
2027 1278 1278
2028 1172 1483 1483 2300 2029 1172 2029 2300
2029 2028 2300 2028 2300
2030 1689 2062 1689 2060 2060 2062
2031 796 2354 796 2354
2032 1390 2059 1390 2059
2033 1397 2125 1397 2156 2125 2156
2034 231 677 1221 1705 677 1221 1705 231
2035 1556 1556
2036 443 1318 1331 1902 1930 1902 1930 443 2342 1331 1318 2342
2037 281 864 864 281 2038 2038
2038 281 864 2037 864 281 2037
2039 939 951 999 1144 951 1144 939 999
2040 199 231 199 231
2041 1950 1950
2042 67 67
2043 40 1293 40 2044 1293 2044
2044 40 1293 2043 2043 1293 40
2045 936 936
2046 269 270 269 270
2047 848 903 1259 1260 1259 1260 848 903
2048 1226 1226 2181 2181
2049 267 1881 1881 267 2050 2050
2050 267 1881 2049 1881 2049 267
2051 49 1401 49 1401 2052 2052
2052 49 1401 2051 49 1401 2051
2053 743 2213 743 2213
2054 399 2011 399 2011
2055 140 394 982 982 140 394
2056 1565 1741 1741 1565
2057 775 1886 775 1886
2058 196 1967 1967 196
2059 1390 2032 1390 2032
2060 1689 2030 2062 1689 2030 2062
2061 345 532 1145 1473 1848 345 1848 532 1145 1473
2062 1689 2030 2060 2060 2030 1689
2063 989 989
2064 1364 1381 1381 1364
2065 120 121 120 121
2066 1364 1364
2067 1434 1434
2068 418 989 1358 1977 989 418 1977 1358
2069 818 1377 1428 1559 1377 1559 818 1428
2070 775 1570 775 1570
2071 464 486 1270 2196 1270 2092 464 486 2092 2196
2072 1056 1057 1056 1057
2073 1600 1600
2074 594 594 2075 2075
2075 594 2074 2074 594
2076 376 1742 1953 1742 376 1953
2077 995 995
2078 607 2105 607 2105
2079 352 1196 352 1196
2080 621 629 621 629
2081 77 620 1510 77 1510 620
2082 46 47 46 47
2083 114 852 852 114
2084 463 463
2085 1575 1575
2086 711 1746 1746 711
2087 19 165 1391 1870 1898 1391 165 1898 19 1870
2088 382 398 382 398
2089 520 520
2090 6 1176 1814 1176 6 1814
2091 120 120
2092 464 486 1270 2071 464 2071 486 1270
2093 847 869 869 847
2094 149 943 2098 149 2097 943 2095 2096 2095 2096 2097 2098
2095 149 943 2094 149 2096 2098 2097 943 2094 2096 2097 2098
2096 149 943 2094 2095 149 943 2095 2097 2094 2098 2097 2098
2097 149 943 2094 2095 2096 2094 2095 2096 2098 149 943 2098
2098 149 943 2094 2095 2096 2097 2094 2095 2097 943 2096 149
2099 117 235 117 2100 235 2100
2100 117 235 2099 117 235 2099
2101 542 667 704 1704 1704 542 667 704
2102 163 1345 163 1345
2103 2331 2127 2127 2331
2104 103 163 837 1844 2326 103 1844 163 2359 837 2326 2359
2105 428 607 1570 2078 428 2078 1570 607
2106 428 428
2107 666 666
2108 245 1613 1613 245
2109 245 733 1440 1441 1440 1441 733 245
2110 424 1346 1729 1729 1346 424
2111 634 700 1313 1346 1729 1731 1974 1313 1346 1974 634 700 2316 1731 2275 1729 2275 2316
2112 60 1896 1896 60
2113 188 925 1743 925 1743 188 2346 2346
2114 1560 1560
2115 1377 1428 1377 1428
2116 207 273 1149 1151 1198 207 1149 1198 1151 273
2117 463 1560 1560 463
2118 84 251 708 84 708 251
2119 486 2164 486 2164
2120 584 585 662 585 662 584
2121 79 469 547 548 577 595 639 723 813 547 813 2123 548 2124 595 469 79 639 577 2122 723 2122 2123 2124
2122 79 469 547 548 577 595 639 723 813 2121 813 577 469 595 547 548 723 2124 639 2121 2123 79 2123 2124
2123 79 469 547 548 577 595 639 723 813 2121 2122 723 79 813 2121 548 2124 595 469 639 547 577 2122 2124
2124 79 469 547 548 577 595 639 723 813 2121 2122 2123 547 723 577 469 813 548 79 2123 2121 2122 595 639
2125 116 1394 1397 2033 1397 116 2156 2033 1394 2335 2156 2335
2126 1333 1838 1333 2252 1838 2283 2254 2127 2132 2133 2127 2132 2133 2252 2254 2283
2127 1838 2103 2126 2103 1838 2254 2252 2126 2132 2133 2132 2133 2252 2254
2128 307 1722 1723 1723 307 1722
2129 231 231
2130 465 569 2172 465 569 2172
2131 417 417
2132 2126 2127 2127 2133 2126 2133
2133 2126 2127 2132 2132 2126 2127
2134 132 410 132 410
2135 1136 1269 1136 1269
2136 405 525 1673 525 2139 1673 2138 405 2137 2137 2138 2139
2137 405 525 1673 2136 525 2139 1673 405 2136 2138 2138 2139
2138 405 525 1673 2136 2137 405 1673 2136 2137 2139 525 2139
2139 405 525 1673 2136 2137 2138 2136 525 405 2137 1673 2138
2140 881 881 2141 2141
2141 881 2140 881 2140
2142 580 580
2143 37 892 928 928 37 892
2144 967 1183 1993 967 1993 1183
2145 589 589
2146 248 1175 1175 248
2147 1208 1233 1234 1636 1636 1233 1208 1234 2232 2232
2148 5 9 134 1766 9 134 5 1766 2149 2149
2149 5 134 2148 134 5 2148
2150 655 908 1767 1767 908 655
2151 1160 1213 1640 1160 2383 1213 1640 2383
2152 442 442
2153 1176 1309 1994 2009 2184 1176 1309 1994 2009 2184
2154 1233 1474 1800 1945 2345 2264 2344 1233 1800 1945 1474 2259 2333 2337 2259 2264 2333 2337 2344 2345
2155 188 188
2156 6 1397 1663 1793 2033 2125 1663 2125 1793 2033 1397 6
2157 1898 1898
2158 949 1034 1062 1887 2199 2200 1062 1034 2202 2197 949 2198 2201 1887 2197 2198 2199 2200 2201 2202
2159 402 1632 1632 402
2160 906 906
2161 1069 2190 1069 2189 2189 2190
2162 1995 1995
2163 785 1026 1026 785
2164 486 2119 486 2119
2165 232 471 1413 232 471 1413
2166 1017 1069 1557 2167 2168 1017 1069 1557 2167 2168
2167 1017 1069 1557 2166 2166 1017 1069 1557 2168 2168
2168 1017 1069 1557 2166 2167 2166 1017 1557 1069 2167
2169 945 945
2170 623 1042 1062 1042 1062 623
2171 51 111 129 1757 1804 1893 111 1757 1893 51 1804 129
2172 465 569 2130 465 2130 569
2173 624 624
2174 901 1262 1262 901
2175 265 300 1336 1917 2012 2012 300 2176 1917 1336 265 2177 2176 2177
2176 265 300 1336 1917 2012 2175 2012 300 2175 265 1917 1336 2177 2177
2177 265 300 1336 1917 2012 2175 2176 1917 300 265 1336 2012 2176 2175
2178 886 1355 1739 2267 886 1739 1355 2257 2257 2267
2179 179 193 258 392 414 908 1626 193 414 908 392 258 1626 179
2180 54 196 1792 54 196 1792
2181 1226 2048 1226 2048
2182 1574 1574
2183 994 994
2184 1176 1994 2009 2153 1176 1994 2153 2009
2185 394 456 394 456
2186 1566 1566
2187 818 833 1428 1926 833 1926 1428 818
2188 739 2309 739 2309
2189 1069 2161 1069 2190 2161 2190
2190 1069 2161 2189 1069 2161 2189
2191 68 696 68 696
2192 503 587 587 503
2193 68 2194 68 2194
2194 68 2193 2193 68
2195 1562 1563 1563 1562
2196 1270 2071 1270 2071
2197 949 1034 1062 1887 2158 1034 1062 1887 2158 2198 2202 2201 2200 2199 949 2198 2199 2200 2201 2202
2198 949 1034 1062 1887 2158 2197 1062 1887 2199 2200 2201 2202 949 2197 2158 1034 2199 2200 2201 2202
2199 949 1034 1062 1887 2158 2197 2198 2158 2201 1062 2200 2202 1034 2198 1887 2197 949 2200 2201 2202
2200 949 1034 1062 1887 2158 2197 2198 2199 2158 1887 1034 2201 2199 1062 2202 2198 2197 949 2201 2202
2201 949 1034 1062 1887 2158 2197 2198 2199 2200 1062 1887 1034 2200 2202 2199 2198 2197 2158 949 2202
2202 949 1034 1062 1887 2158 2197 2198 2199 2200 2201 1062 1034 2201 2199 2200 2158 1887 2198 2197 949
2203 391 1181 391 1181
2204 1701 1701
2205 388 694 388 694
2206 399 399
2207 333 1016 333 1016
2208 748 749 748 749
2209 1165 1243 1165 1243
2210 1143 1165 1165 1143
2211 1268 1396 1268 1396
2212 75 1112 75 1112
2213 78 176 743 2053 2053 743 176 78
2214 846 1422 846 1422
2215 260 785 260 785
2216 1143 1143
2217 474 474
2218 511 752 1164 1831 752 1831 1164 511
2219 878 1617 1617 878
2220 432 1032 432 1032
2221 1015 1703 1703 1015
2222 1969 1998 1998 1969 2306 2306
2223 472 472
2224 1405 1405
2225 191 494 814 814 2226 191 494 2226
2226 191 494 814 2225 814 494 2225 191
2227 177 1216 1619 1676 1689 1768 1906 1985 2376 1216 2375 1689 1768 1985 1676 177 1619 1906 2375 2376
2228 1187 1228 1229 1187 1228 1229
2229 677 1275 677 1275
2230 1661 1661
2231 1215 1215
2232 1208 1233 1234 1636 2147 1636 1208 1233 2147 1234
2233 103 1998 103 1998
2234 488 488
2235 877 1213 1213 877
2236 66 513 1170 1590 1170 1590 513 66
2237 418 1737 1916 1737 1916 2357 418 2238 2238 2357
2238 418 1737 1916 2237 418 2357 2237 1737 1916 2357
2239 1663 1663
2240 1036 1036
2241 623 790 992 1036 1042 1043 1062 1076 1133 1298 1410 1425 2244 2242 1298 2243 1410 992 1036 1062 790 1133 623 1425 1076 1043 1042 2242 2243 2244
2242 623 790 992 1036 1042 1043 1062 1076 1133 1298 1410 1425 2241 2241 2243 1410 1036 623 1133 1298 1062 992 1043 1076 790 1425 2244 1042 2243 2244
2243 623 790 992 1036 1042 1043 1062 1076 1133 1298 1410 1425 2241 2242 1298 790 2242 2241 2244 1133 1042 1043 1036 1076 623 1062 1410 992 1425 2244
2244 623 790 992 1036 1042 1043 1062 1076 1133 1298 1410 1425 2241 2242 2243 2241 2243 1410 1036 790 992 1043 1076 1062 1042 1298 1425 2242 1133 623
2245 33 33 2343 2343
2246 1885 2259 1885 2253 2253 2259
2247 452 897 897 452
2248 1444 1778 1969 1969 1778 1444 2305 2305
2249 1556 2250 1556 2250
2250 1556 2249 1556 2249
2251 23 23
2252 1838 2126 2127 1838 2126 2127
2253 1885 2246 1885 2259 2246 2259
2254 1333 2126 2127 2126 2127 1333 2283 2283
2255 238 238 2256 2256
2256 238 2255 238 2255
2257 1355 2178 2267 2178 1355 2267
2258 23 23
2259 1885 1945 2154 2246 2253 2246 2154 1945 2253 1885 2264 2264
2260 238 2295 238 2295
2261 1478 2312 1478 2312
2262 219 1215 1266 1266 219 1215
2263 1905 1905
2264 1945 2154 2259 2154 1945 2259
2265 341 2266 341 2266
2266 341 2265 2265 341
2267 1355 2178 2257 2257 1355 2178
2268 443 477 1744 2291 443 2284 1744 477 2284 2291
2269 41 1720 1981 1981 1720 41
2270 1 341 1880 1 2371 2372 341 1880 2371 2372
2271 57 57
2272 197 1658 197 1658
2273 753 759 753 759
2274 759 759
2275 1729 1974 2111 2316 1729 1974 2111 2316
2276 23 886 886 23
2277 1929 1929 2281 2281
2278 708 1701 1701 708
2279 1827 1830 1905 1905 1827 1830
2280 1233 1233
2281 2277 2277
2282 23 23
2283 1333 2126 2254 1333 2126 2254
2284 443 2268 2268 2296 443 2296
2285 23 23
2286 609 779 957 959 1045 1140 1839 1910 609 1839 959 957 1910 779 1140 1045
2287 232 1101 232 1101
2288 1031 1055 1061 1073 1055 1073 2289 1031 1061 2289
2289 1031 1055 1061 1073 2288 1055 1031 1073 2288 1061
2290 651 651
2291 443 477 1744 2268 477 2268 443 1744
2292 41 218 1060 1333 1333 1060 218 41
2293 1565 1565
2294 1556 1556
2295 2260 2260
2296 2284 2284
2297 220 220
2298 154 1885 1885 2386 154 2386
2299 642 1611 1611 642
2300 2028 2029 2028 2029
2301 603 603
2302 43 1404 43 1404
2303 28 328 1198 28 1198 328
2304 60 772 772 60
2305 2248 2248
2306 1969 1998 2222 1969 1998 2222
2307 1796 1828 1828 1796
2308 384 757 757 384
2309 739 2188 2188 739
2310 68 68
2311 824 826 824 826
2312 1478 2261 2261 1478
2313 169 2015 2015 169
2314 132 498 2315 498 132 2315
2315 2314 2314
2316 1729 1974 2111 2275 1974 2275 2111 1729
2317 7 7 2318 2318
2318 7 2317 7 2317
2319 1293 1581 1293 1581
2320 1515 1515
2321 236 1252 1650 1252 1650 236
2322 1930 1930
2323 2356 2356
2324 178 1204 178 1204
2325 1254 1254
2326 103 837 1844 2104 2104 103 837 1844 2359 2359
2327 759 759
2328 759 759
2329 670 670
2330 536 536
2331 2103 2103
2332 909 910 927 909 927 910
2333 2154 2337 2154 2337
2334 293 293
2335 116 1394 2125 1394 116 2125
2336 219 219
2337 2154 2333 2333 2154
2338 1516 1516
2339 6 1688 1932 1971 1688 1971 6 1932
2340 1992 1992
2341 1554 1554
2342 443 1331 1930 2036 443 1930 1331 2036
2343 33 2245 33 2245
2344 2154 2154 2345 2345
2345 2154 2344 2154 2344
2346 188 925 2113 925 188 2113
2347 444 614 444 614 2348 2348
2348 444 614 2347 444 614 2347
2349 474 474
2350 68 750 1715 68 1715 750
2351 1312 1312
2352 416 612 700 1326 1346 1347 1361 1729 1819 612 1347 1346 416 1729 1819 1361 1326 700
2353 871 1645 871 1645
2354 796 2031 796 2031
2355 841 841
2356 1233 2323 2323 1233
2357 418 1737 1916 2237 2238 2237 2238 418 1737 1916
2358 1570 1570
2359 103 837 1844 2104 2326 1844 103 2326 837 2104
2360 728 728
2361 396 401 422 433 472 547 641 740 1760 740 1760 472 433 422 401 396 641 547
2362 1376 1706 1706 1376
2363 886 886
2364 41 1581 41 1581
2365 1796 1796
2366 1885 1885
2367 1211 1211
2368 1581 1581 2369 2369
2369 1581 2368 1581 2368
2370 41 1329 1329 41
2371 1880 2270 2270 1880 2372 2372
2372 1880 2270 2371 2270 1880 2371
2373 463 463
2374 371 371
2375 1619 2227 2227 1619
2376 1676 2227 2227 1676
2377 632 632
2378 178 178
2379 54 54
2380 543 902 902 543
2381 417 913 417 913
2382 1417 1849 1849 1417
2383 1213 1640 2151 2151 1640 1213
2384 760 826 826 760
2385 760 774 774 760
2386 154 1885 2298 2298 1885 154
2387 1802 1802
2388 1284 1284
2389 500 821 1072 1126 1432 1438 1865 1438 1432 500 1072 1865 1126 821
2390 129 770 770 129
2391 843 1788 1788 843
2392 1369 1369
2393 23 1117 1117 23
2394 1869 1869
