0 29 7 2 38 25 23 2 7 23 25 29 38
1 24 39 23 3 42 7 28 21 32 6 49 37 20 4 3 4 6 7 20 21 23 24 28 32 37 39 42 49
2 0 29 7 23 0 43 7 23 29 43
3 1 1
4 1 28 24 1 24 28
5 41 35 48 35 41 48
6 1 1
7 0 1 2 25 0 21 9 32 10 37 2 11 1 29 38 23 22 9 10 11 21 22 23 25 29 32 37 38
8 13 13
9 7 11 7 11
10 7 7 22 22
11 7 9 9 7
12 13 14 35 13 14 35
13 8 12 34 35 14 45 8 12 15 46 33 14 15 33 34 35 45 46
14 12 13 35 45 13 33 46 34 12 15 15 33 34 35 45 46
15 13 14 13 14
16 26 18 48 19 47 18 19 26 47 48
17 40 27 18 18 27 40
18 16 17 40 16 19 17 19 40
19 16 18 30 36 18 31 16 28 28 30 31 36
20 1 21 1 21
21 1 7 20 7 20 37 32 1 23 23 32 37
22 7 10 10 7
23 0 1 2 7 21 25 38 1 37 2 43 29 21 7 0 25 29 37 38 43
24 1 4 1 28 49 4 28 49
25 0 7 23 23 7 0 29 29
26 16 16 48 47 47 48
27 17 17
28 1 4 19 24 4 1 24 19
29 0 2 7 23 25 0 2 7 23 25
30 19 19 31 31
31 19 30 30 19
32 1 7 21 21 7 1
33 13 14 14 13
34 13 14 13 14
35 5 12 13 14 13 14 48 5 41 12 41 48
36 19 19
37 1 7 21 23 21 7 23 1
38 0 7 23 23 7 0 44 44
39 1 1
40 17 18 18 17
41 5 35 48 5 35 48
42 1 1
43 2 23 23 2
44 38 38
45 13 14 14 13
46 13 14 13 14
47 16 26 48 26 16 48
48 5 16 26 35 41 47 26 47 35 16 41 5
49 1 24 24 1
