0 62 126 41 41 62 126
1 4 3 16 3 4 16
2 97 51 15 15 51 97
3 1 128 182 181 4 1 16 202 152 4 16 128 152 181 182 202
4 1 3 1 182 181 128 3 16 202 16 128 181 182 202
5 182 18 18 182
6 17 15 58 55 12 66 159 12 15 17 55 58 66 159
7 225 76 76 225
8 161 54 100 106 88 22 11 72 95 11 22 54 72 88 95 100 106 161
9 26 48 112 110 96 29 30 26 29 30 48 96 110 112
10 42 12 12 42
11 8 87 22 106 88 100 8 22 87 88 100 106
12 6 10 58 42 40 139 15 159 195 6 10 24 15 24 40 42 58 139 159 195
13 33 169 33 169
14 82 147 82 147
15 2 6 12 99 129 51 6 12 17 43 2 94 55 17 43 51 55 94 99 129
16 1 3 4 4 3 1
17 6 15 6 64 15 64
18 5 187 5 182 182 187
19 220 62 84 156 62 84 156 220
20 211 154 91 143 65 116 59 157 155 142 175 60 59 60 65 91 116 142 143 154 155 157 175 211
21 213 184 206 199 196 184 196 199 206 213
22 8 11 54 72 106 161 100 11 95 8 88 54 72 88 95 100 106 161
23 224 53 53 224
24 12 12
25 80 92 170 144 80 92 144 170
26 9 9 30 110 29 119 73 48 111 81 29 30 48 73 81 110 111 119
27 138 31 188 31 138 188
28 199 217 199 217
29 9 26 189 172 48 9 26 110 30 30 48 110 172 189
30 9 26 29 26 110 9 29 48 48 110
31 27 134 174 27 161 72 111 181 55 188 138 55 72 111 134 138 161 174 181 188
32 132 132
33 13 135 13 169 135 169
34 86 39 186 151 229 169 212 39 86 151 169 186 212 229
35 36 96 89 36 89 96
36 35 35
37 38 38
38 37 37 166 96 91 55 41 41 55 91 96 166
39 34 34
40 12 12
41 0 38 93 0 126 178 38 93 126 178
42 10 12 12 10 180 85 43 43 85 180
43 15 42 180 137 15 42 137 180
44 46 46
45 164 194 193 57 168 138 57 138 164 168 193 194
46 44 88 98 44 119 88 98 119
47 142 142
48 9 26 29 30 9 29 26 110 30 110
49 109 109
50 115 188 120 171 203 115 120 171 188 203
51 2 15 15 2
52 99 99
53 23 224 125 23 184 143 125 143 184 224
54 8 22 22 161 8 72 95 72 95 161
55 6 15 31 38 99 158 163 160 184 204 38 205 31 6 15 165 99 158 160 163 165 184 204 205
56 207 167 167 207
57 45 164 194 168 45 193 164 168 193 194
58 6 12 12 6
59 20 20 60 60
60 20 59 59 20
61 63 65 153 184 63 65 153 184
62 0 19 19 0
63 61 61 153 153
64 17 185 17 127 127 185
65 20 61 132 192 20 61 91 201 101 184 198 200 124 91 101 124 132 184 192 198 200 201
66 6 130 179 6 130 179
67 118 75 96 227 190 113 114 109 75 96 109 113 114 118 190 227
68 86 86
69 110 110
70 135 162 135 162
71 92 146 92 146
72 8 22 31 54 22 111 110 54 31 161 134 188 95 181 8 95 110 111 134 161 181 188
73 26 111 119 81 26 81 111 119
74 96 96
75 67 67 96 77 118 114 113 190 109 227 77 96 109 113 114 118 190 227
76 7 78 90 108 107 121 122 123 7 102 114 113 78 90 102 107 108 113 114 121 122 123
77 75 75
78 76 102 76 123 122 121 107 102 107 121 122 123
79 80 80
80 25 79 25 90 92 79 170 144 90 92 144 170
81 26 73 119 73 111 26 111 119
82 14 196 14 196
83 173 148 148 173
84 19 136 19 136
85 42 42
86 34 68 34 184 197 212 151 186 143 68 143 151 184 186 197 212
87 11 11
88 8 11 22 46 46 100 8 11 106 22 100 106
89 35 96 35 96
90 76 80 80 76 113 114 108 108 113 114
91 20 38 65 20 65 38
92 25 71 80 144 71 25 146 80 210 170 144 146 170 210
93 41 41
94 15 99 15 99
95 8 22 54 72 161 22 54 72 8 161
96 9 35 38 67 74 75 89 190 67 75 109 35 114 38 9 74 89 118 113 227 112 109 112 113 114 118 190 227
97 2 2
98 46 119 214 167 46 119 167 214
99 15 52 55 94 15 55 52 94
100 8 11 22 88 22 8 88 11 106 106
101 65 124 65 124
102 76 78 107 78 76 123 122 121 107 121 122 123
103 135 166 135 166
104 141 141
105 188 188
106 8 11 22 88 100 22 8 11 88 100
107 76 78 102 102 121 76 78 122 123 121 122 123
108 76 90 114 76 113 90 113 114
109 49 67 75 96 113 96 191 49 190 75 227 114 118 67 215 113 114 118 190 191 215 227
110 9 26 29 30 48 69 72 26 30 9 72 29 69 48
111 26 31 72 73 81 73 188 72 119 31 161 134 26 181 81 119 134 161 181 188
112 9 96 9 96
113 67 75 76 90 96 108 109 118 109 90 114 108 75 190 227 76 96 67 114 118 190 227
114 67 75 76 90 96 108 109 113 118 96 108 90 190 113 75 76 227 109 67 118 190 227
115 50 171 188 50 120 203 176 120 171 176 188 203
116 20 154 20 143 143 154
117 185 185
118 67 75 96 109 113 114 67 113 114 227 190 75 96 109 190 227
119 26 46 73 81 98 111 73 98 111 81 26 46
120 50 115 203 115 50 171 188 171 188 203
121 76 78 102 107 123 107 122 76 78 102 122 123
122 76 78 102 107 121 121 78 76 102 107 123 123
123 76 78 102 107 121 122 121 78 76 102 107 122
124 65 101 200 192 101 201 65 192 200 201
125 53 143 218 53 184 143 184 218
126 0 41 0 41
127 64 64
128 3 4 4 3 181 182 181 182
129 15 15
130 66 150 66 150
131 148 141 147 149 141 147 148 149
132 32 65 65 156 133 211 32 133 156 211
133 132 132
134 31 72 111 31 181 161 72 111 188 161 181 188
135 33 70 103 162 33 70 103 166 162 166
136 84 84
137 43 43
138 27 31 45 27 45 188 31 188
139 12 12
140 147 147
141 104 131 131 104
142 20 47 47 155 20 208 155 208
143 20 53 86 116 125 20 154 197 184 125 86 116 53 154 184 197
144 25 80 92 92 170 25 80 170
145 147 147
146 71 92 92 71
147 14 131 140 145 145 140 149 14 131 149
148 83 131 131 83
149 131 147 147 131
150 130 130
151 34 86 186 222 228 86 34 212 221 186 212 221 222 228
152 3 209 3 209
153 61 63 61 63
154 20 116 143 20 116 143
155 20 142 142 20
156 19 132 132 19 183 183
157 20 20 175 175
158 55 55
159 6 12 12 6
160 55 216 55 205 204 204 205 216
161 8 22 31 54 72 95 111 134 164 54 181 8 22 188 31 95 134 72 111 164 181 188
162 70 135 135 70
163 55 55
164 45 57 161 57 161 168 45 193 194 168 193 194
165 55 55 184 184
166 38 103 135 38 135 103
167 56 98 56 98 207 207
168 45 57 164 164 57 194 193 45 193 194
169 13 33 34 33 34 13
170 25 80 92 144 144 25 80 92
171 50 115 120 188 115 203 50 120 188 203
172 29 29 189 189
173 83 83 226 226
174 31 31
175 20 157 157 20
176 115 115
177 206 219 206 219
178 41 41
179 66 66
180 42 43 43 42
181 3 4 31 72 111 128 134 161 4 161 188 3 182 134 31 111 128 72 182 188
182 3 4 5 18 128 181 5 4 3 181 128 18
183 156 156
184 21 53 55 61 65 86 125 143 165 143 86 55 196 21 65 61 125 53 165 196
185 64 117 117 64
186 34 86 151 151 34 86 212 212
187 18 18
188 27 31 50 72 105 111 115 120 134 138 161 171 181 111 171 181 115 161 27 50 72 138 120 105 31 203 134 203
189 29 172 29 172
190 67 75 96 109 113 114 118 96 118 114 109 113 75 67 227 227
191 109 109
192 65 124 200 65 124 200
193 45 57 164 168 168 45 57 164 194 194
194 45 57 164 168 193 57 168 45 164 193
195 12 12
196 21 82 184 82 184 223 21 223
197 86 143 143 86
198 65 65
199 21 28 28 217 21 217
200 65 124 192 192 124 65
201 65 124 65 124
202 3 4 4 3
203 50 115 120 171 188 120 171 115 50 188
204 55 160 205 55 160 205
205 55 160 204 204 160 55 216 216
206 21 177 219 177 213 21 213 219
207 56 167 56 167
208 142 142
209 152 152
210 92 92
211 20 132 20 132
212 34 86 151 186 86 151 186 34
213 21 206 21 206
214 98 98
215 109 109
216 160 205 160 205
217 28 199 199 28
218 125 125
219 177 206 206 177
220 19 19
221 151 228 151 228
222 151 151
223 196 196
224 23 53 23 53
225 7 7
226 173 173
227 67 75 96 109 113 114 118 190 118 67 113 114 190 109 75 96
228 151 221 151 221
229 34 34
