0 15 42 1 43 45 26 32 51 37 36 44 47 48 49 53 2 34 39 7 46 1 2 7 15 26 32 34 36 37 39 42 43 44 45 46 47 48 49 51 53
1 0 39 0 10 10 39
2 0 15 14 0 14 15
3 5 5
4 5 5
5 3 4 38 55 4 10 3 40 11 10 11 38 40 55
6 15 12 20 12 15 20
7 0 0
8 23 24 9 19 21 31 13 18 9 13 18 19 21 23 24 31
9 8 8 13 23 13 23
10 1 5 1 11 40 38 5 11 38 40
11 5 10 10 40 5 38 38 40
12 6 6 15 15
13 8 9 19 9 8 23 18 18 19 23
14 2 2
15 0 2 6 12 0 52 6 35 2 20 12 20 35 52
16 56 56
17 22 59 55 22 55 59
18 8 13 13 8 19 19
19 8 13 18 31 13 8 24 21 23 18 21 23 24 31
20 6 15 6 15
21 8 19 22 8 19 22
22 17 21 55 17 21 55
23 8 9 13 19 8 31 13 19 9 31
24 8 19 8 19
25 29 27 28 30 27 28 29 30
26 0 0 45 50 46 41 41 45 46 50
27 25 29 28 25 30 28 29 30
28 25 27 56 33 29 44 27 58 25 57 30 29 30 33 44 56 57 58
29 25 27 28 25 28 27 30 30
30 25 27 28 29 29 25 28 27
31 8 19 23 23 19 8
32 0 0
33 28 28
34 0 49 0 49
35 15 15 52 52
36 0 0
37 0 42 0 42
38 5 10 11 5 10 40 11 40
39 0 1 1 0
40 5 10 11 38 10 38 11 54 5 54
41 26 50 26 50
42 0 37 0 37 43 47 43 47
43 0 42 0 42
44 0 28 28 0 58 58
45 0 26 0 26 46 53 46 53
46 0 26 45 53 26 45 0 53
47 0 42 42 0
48 0 0
49 0 34 34 0
50 26 41 26 41
51 0 0
52 15 35 15 35
53 0 45 46 46 0 45
54 40 40
55 5 17 22 22 5 17
56 16 28 28 58 16 58
57 28 28
58 28 44 56 56 28 44
59 17 17
