0 22 3 2 17 31 26 34 24 16 7 39 5 13 32 1 4 27 30 1 2 3 4 5 7 13 16 17 22 24 26 27 30 31 32 34 39
1 0 16 2 0 2 16
2 0 1 0 16 1 18 16 18
3 0 5 0 7 5 7
4 0 25 14 22 34 17 39 0 13 13 14 17 22 25 34 39
5 0 3 3 22 24 7 30 0 7 22 24 30
6 22 10 20 21 10 20 21 22
7 0 3 5 31 27 32 3 0 5 26 26 27 31 32
8 36 37 22 34 11 38 9 9 11 22 34 36 37 38
9 8 8 22 11 11 22
10 6 22 6 21 21 22
11 8 9 22 8 12 9 12 22
12 11 11
13 0 4 22 39 34 0 17 4 17 22 34 39
14 4 4 35 19 25 19 25 35
15 23 33 34 23 33 34
16 0 1 2 1 2 0
17 0 4 13 0 34 4 13 39 22 22 34 39
18 2 2
19 14 14 35 35
20 6 6
21 6 10 22 10 6 22
22 0 4 5 6 8 9 10 11 13 17 21 13 0 24 28 6 5 21 10 11 8 4 29 34 17 9 39 24 28 29 34 39
23 15 15 33 34 33 34
24 0 5 22 22 0 5
25 4 14 4 14
26 0 7 31 0 27 7 32 27 31 32
27 0 7 26 7 26 31 32 0 31 32
28 22 22 29 29
29 22 28 28 22
30 0 5 5 0
31 0 7 26 27 7 26 0 32 27 32
32 0 7 26 27 31 31 7 0 27 26
33 15 23 15 23 34 34
34 0 4 8 13 15 17 22 23 33 36 0 39 38 8 4 13 17 37 22 33 15 23 36 37 38 39
35 14 19 14 19
36 8 34 34 8 38 37 37 38
37 8 34 36 8 38 34 36 38
38 8 34 36 37 36 37 34 8
39 0 4 13 17 22 34 34 13 0 17 4 22
