0 60 45 44 77 76 88 33 43 35 30 14 50 46 19 78 14 19 30 33 35 43 44 45 46 50 60 76 77 78 88
1 21 78 21 78
2 8 40 71 70 68 67 66 27 69 33 8 27 33 40 66 67 68 69 70 71
3 4 4
4 3 61 5 6 87 3 17 5 6 17 61 87
5 4 6 4 6
6 4 5 5 4 17 17
7 35 11 16 11 16 35
8 2 67 66 68 33 69 2 40 71 27 70 27 33 40 66 67 68 69 70 71
9 10 34 81 36 82 66 39 40 10 34 36 39 40 66 81 82
10 9 82 81 37 38 9 41 15 36 29 42 40 39 66 34 15 29 34 36 37 38 39 40 41 42 66 81 82
11 7 24 79 35 28 31 80 32 7 24 28 31 32 35 79 80
12 53 51 52 33 55 57 54 56 33 51 52 53 54 55 56 57
13 73 20 75 74 33 72 64 20 33 64 72 73 74 75
14 0 60 33 0 44 33 44 60
15 10 41 40 39 38 10 37 42 29 36 29 36 37 38 39 40 41 42
16 7 7
17 4 6 27 6 4 27
18 63 85 83 59 68 25 84 65 25 59 63 65 68 83 84 85
19 0 50 0 50
20 13 13 33 64 75 74 73 72 33 64 72 73 74 75
21 1 1 78 78
22 51 65 33 89 33 51 65 89
23 61 58 62 58 61 62
24 11 11 32 31 79 31 32 79
25 18 59 63 18 68 65 84 83 85 59 63 65 68 83 84 85
26 62 62
27 2 8 17 17 68 70 66 67 86 71 2 69 8 40 33 33 40 66 67 68 69 70 71 86
28 11 11
29 10 15 42 40 39 10 41 37 38 36 15 36 37 38 39 40 41 42
30 0 0
31 11 24 11 32 24 32
32 11 24 31 31 24 11
33 0 2 8 12 13 14 20 22 27 52 69 12 20 56 57 72 0 51 54 71 74 8 14 13 40 75 89 68 53 64 66 55 60 70 67 65 44 73 22 27 2 40 44 51 52 53 54 55 56 57 60 64 65 66 67 68 69 70 71 72 73 74 75 89
34 9 10 9 36 66 81 39 40 10 82 36 39 40 66 81 82
35 0 7 11 43 11 7 47 0 48 49 43 47 48 49
36 9 10 15 29 34 66 37 38 9 34 40 39 42 10 29 81 15 82 41 37 38 39 40 41 42 66 81 82
37 10 15 29 36 10 36 38 15 39 40 41 42 29 38 39 40 41 42
38 10 15 29 36 37 10 15 37 36 39 42 41 40 29 39 40 41 42
39 9 10 15 29 34 36 37 38 41 15 81 82 42 38 40 36 29 34 37 10 66 9 40 41 42 66 81 82
40 2 8 9 10 15 27 29 33 34 36 37 38 39 41 15 81 71 82 39 42 2 33 68 36 29 8 34 37 38 10 69 70 66 67 27 9 41 42 66 67 68 69 70 71 81 82
41 10 15 29 36 37 38 39 40 40 39 42 15 10 29 37 38 36 42
42 10 15 29 36 37 38 39 40 41 41 39 40 36 29 37 38 10 15
43 0 35 35 0
44 0 14 33 0 33 60 14 60
45 0 0 46 46
46 0 45 76 45 77 0 76 77
47 35 35 48 49 48 49
48 35 47 49 47 35 49
49 35 47 48 48 47 35
50 0 19 19 0
51 12 22 33 22 12 65 53 33 57 54 56 89 55 52 52 53 54 55 56 57 65 89
52 12 33 51 33 12 56 57 55 51 53 54 53 54 55 56 57
53 12 33 51 52 12 54 51 33 56 57 55 52 54 55 56 57
54 12 33 51 52 53 53 33 51 12 57 56 52 55 55 56 57
55 12 33 51 52 53 54 12 57 33 56 51 52 53 54 56 57
56 12 33 51 52 53 54 55 33 52 51 54 53 57 55 12 57
57 12 33 51 52 53 54 55 56 12 55 33 51 54 53 56 52
58 23 61 62 23 61 62
59 18 25 63 83 84 85 18 25 68 65 63 65 68 83 84 85
60 0 14 33 44 14 0 33 44
61 4 23 58 23 58 62 4 62
62 23 26 58 61 61 58 26 23
63 18 25 59 85 18 59 25 68 84 83 65 65 68 83 84 85
64 13 20 33 74 72 20 33 75 13 73 72 73 74 75
65 18 22 25 33 51 59 63 51 89 22 85 83 84 63 68 18 33 25 59 68 83 84 85 89
66 2 8 9 10 27 33 34 36 39 40 81 8 36 27 82 34 2 33 9 39 10 40 67 71 68 69 70 67 68 69 70 71 81 82
67 2 8 27 33 40 66 8 27 2 33 40 71 66 68 69 70 68 69 70 71
68 2 8 18 25 27 33 40 59 63 65 66 67 69 27 8 63 70 2 18 40 33 85 83 84 65 25 71 59 66 67 69 70 71 83 84 85
69 2 8 27 33 40 66 67 68 70 71 68 33 8 40 27 2 67 66 70 71
70 2 8 27 33 40 66 67 68 69 69 86 27 68 2 33 40 71 66 67 8 71 86
71 2 8 27 33 40 66 67 68 69 70 69 33 40 2 27 8 67 66 68 70
72 13 20 33 64 64 33 75 74 73 13 20 73 74 75
73 13 20 33 64 72 13 75 72 74 20 33 64 74 75
74 13 20 33 64 72 73 64 13 33 72 73 75 20 75
75 13 20 33 64 72 73 74 13 73 72 33 74 20 64
76 0 46 46 77 0 77
77 0 46 76 76 0 46
78 0 1 21 88 21 1 0 88
79 11 24 11 24
80 11 11
81 9 10 34 36 39 40 66 10 66 39 82 40 9 34 36 82
82 9 10 34 36 39 40 66 81 10 81 66 39 40 9 36 34
83 18 25 59 63 65 68 59 18 85 84 63 68 65 25 84 85
84 18 25 59 63 65 68 83 59 63 83 68 65 18 85 25 85
85 18 25 59 63 65 68 83 84 63 18 59 83 68 65 84 25
86 27 70 70 27
87 4 4
88 0 78 0 78
89 22 33 51 65 65 33 51 22
