0 508 508
1 609 556 241 241 556 609
2 135 258 135 258
3 351 497 351 497
4 49 603 338 28 28 49 338 603
5 72 71 668 71 72 668
6 362 541 362 541
7 11 8 9 8 9 11
8 7 7 384 384
9 7 531 22 528 473 10 339 80 304 69 551 7 11 552 114 470 13 364 155 12 630 534 10 11 12 13 22 69 80 114 155 304 339 364 470 473 528 531 534 551 552 630
10 9 9 12 304 12 304
11 7 9 470 114 7 551 13 80 155 534 364 552 22 9 630 528 473 339 69 531 13 22 69 80 114 155 339 364 470 473 528 531 534 551 552 630
12 9 10 304 10 9 304
13 9 11 114 551 69 80 11 528 364 630 473 470 531 22 155 552 9 534 339 22 69 80 114 155 339 364 470 473 528 531 534 551 552 630
14 338 301 87 105 79 79 87 105 301 338
15 655 607 605 605 607 655
16 17 291 439 29 292 17 29 291 292 439
17 16 439 16 29 29 439
18 214 436 54 366 54 214 366 436
19 21 20 20 21
20 19 21 19 21
21 19 20 19 434 20 434
22 9 11 13 534 9 114 470 339 364 69 13 630 155 11 528 80 551 552 473 531 69 80 114 155 339 364 470 473 528 531 534 551 552 630
23 129 129
24 519 519
25 68 68
26 334 244 508 566 244 334 508 566
27 407 134 183 134 183 407
28 4 4 338 338
29 16 17 291 17 292 16 439 291 292 439
30 263 462 227 345 349 430 227 263 345 349 430 462
31 273 273
32 466 225 103 103 225 466
33 47 283 262 48 626 296 47 48 262 283 296 626
34 336 154 540 153 213 153 154 213 336 540
35 469 426 437 62 146 62 146 426 437 469
36 453 517 508 419 419 453 508 517
37 394 85 549 90 159 420 85 90 159 394 420 549
38 94 96 94 96
39 652 135 493 600 184 622 200 135 184 200 493 600 622 652
40 125 185 57 57 125 185
41 277 145 145 277
42 261 248 171 176 487 247 128 128 171 176 247 248 261 487
43 210 492 491 226 210 226 491 492
44 233 451 514 394 316 233 316 394 451 514
45 103 103
46 47 47
47 33 46 33 283 46 283
48 33 385 296 33 426 673 296 385 426 673
49 4 4
50 316 316
51 508 52 53 330 52 53 330 508
52 51 51 53 53
53 51 52 51 52
54 18 352 362 350 18 424 350 352 362 424
55 342 463 623 612 342 463 612 623
56 289 206 206 289
57 40 185 40 185
58 68 512 513 124 323 628 639 429 428 678 474 209 68 124 209 323 428 429 474 512 513 628 639 678
59 464 239 239 464
60 120 161 281 120 161 281
61 650 562 583 651 607 512 539 512 539 562 583 607 650 651
62 35 437 152 35 152 437
63 285 536 537 306 224 224 285 306 536 537
64 223 223
65 503 659 646 503 646 659
66 440 432 432 440
67 123 111 338 405 111 123 338 405
68 25 58 58 584 25 282 554 513 365 431 377 628 471 282 365 377 431 471 513 554 584 628
69 9 11 13 22 551 13 364 114 630 473 552 22 528 155 534 9 470 339 11 531 80 80 114 155 339 364 470 473 528 531 534 551 552 630
70 272 319 234 318 269 234 269 272 318 319
71 5 612 381 668 5 73 72 72 73 381 612 668
72 5 71 5 582 668 71 582 668
73 71 409 419 71 570 409 419 570
74 612 506 615 633 506 612 615 633
75 317 317
76 282 282
77 304 304
78 458 382 367 663 231 231 367 382 458 663
79 14 526 87 105 14 92 87 92 105 526
80 9 11 13 22 69 551 13 528 11 364 630 9 531 114 22 473 155 534 552 339 470 69 114 155 339 364 470 473 528 531 534 551 552 630
81 333 333
82 118 270 118 270
83 323 323
84 283 467 283 467
85 37 37
86 269 269
87 14 79 105 79 14 105
88 139 139
89 532 532
90 37 126 129 37 126 129
91 166 354 523 166 354 523
92 79 526 79 526
93 98 145 100 117 98 100 117 145
94 38 38
95 99 99
96 38 520 374 354 119 472 38 119 354 374 472 520
97 103 326 137 103 137 326
98 93 93 585 677 232 217 217 232 585 677
99 95 95 472 472
100 93 274 315 354 414 120 93 401 117 117 120 274 315 354 401 414
101 561 175 181 322 519 175 181 322 519 561
102 143 119 119 143
103 32 45 97 110 137 97 32 45 466 326 110 137 326 466
104 292 373 460 384 291 291 292 373 384 460
105 14 79 87 109 418 87 338 79 14 237 301 109 237 301 338 418
106 589 183 134 134 183 589
107 267 435 519 645 357 643 267 357 435 519 643 645
108 109 109
109 105 108 105 108 434 434
110 103 103 425 284 399 601 310 124 335 124 284 310 335 399 425 601
111 67 338 123 67 405 123 338 405
112 167 322 113 113 167 322
113 112 322 112 322
114 9 11 13 22 69 80 13 11 69 22 528 534 551 473 470 155 630 364 9 80 552 339 531 155 339 364 470 473 528 531 534 551 552 630
115 164 144 369 401 355 220 119 165 163 119 144 163 164 165 220 355 369 401
116 291 292 291 292
117 93 100 100 93
118 82 270 82 291 270 291
119 96 102 115 238 163 236 590 303 289 120 96 115 472 354 102 120 163 236 238 289 303 354 472 590
120 60 100 119 161 281 340 343 401 60 100 119 161 281 340 343 401
121 408 403 402 451 402 403 408 451
122 178 177 188 195 177 178 188 195
123 67 111 405 67 111 482 338 338 405 482
124 58 110 58 310 110 138 138 310
125 40 40 185 411 375 185 375 411
126 90 90
127 281 281
128 42 149 171 176 42 149 171 176
129 23 90 156 90 162 580 23 156 162 580
130 289 289
131 414 414
132 226 223 223 226
133 134 544 386 134 386 544
134 27 106 133 133 407 352 27 106 183 183 352 407
135 2 39 39 2 258 258
136 248 248
137 97 103 373 103 326 97 326 373
138 124 124
139 88 88 176 176
140 187 187
141 193 172 197 380 142 149 490 142 149 172 193 197 380 490
142 141 380 141 172 490 149 197 193 149 172 193 197 380 490
143 102 102
144 115 115
145 41 93 302 324 93 341 546 328 41 302 324 328 341 546
146 35 469 477 647 35 469 477 647
147 189 189
148 314 300 413 211 211 300 314 413
149 128 141 142 197 490 141 128 380 142 207 172 193 172 193 197 207 380 490
150 420 422 420 422
151 542 230 449 367 229 229 230 367 449 542
152 62 62 483 483
153 34 540 34 336 213 154 154 213 336 540
154 34 153 540 34 336 153 213 213 336 540
155 9 11 13 22 69 80 114 364 552 551 11 69 114 13 22 470 630 528 534 80 473 531 9 339 339 364 470 473 528 531 534 551 552 630
156 129 129
157 560 576 227 347 350 388 340 327 465 158 426 370 158 227 327 340 347 350 370 388 426 465 560 576
158 157 157 426 426
159 37 37
160 244 243 279 243 244 279
161 60 120 120 389 446 60 281 422 281 389 422 446
162 129 129
163 115 119 119 115
164 115 115 165 388 409 260 415 165 260 388 409 415
165 115 164 164 115
166 91 91
167 112 322 112 322
168 247 247
169 176 176
170 201 202 197 196 198 204 203 179 179 196 197 198 201 202 203 204
171 42 128 176 42 128 176
172 141 142 149 380 182 490 141 191 205 192 142 193 197 149 182 191 192 193 197 205 380 490
173 174 174
174 173 297 189 186 173 186 189 297
175 101 181 101 181
176 42 128 139 169 171 171 42 139 169 128
177 122 122 178 178
178 122 177 409 427 122 260 331 177 419 260 331 409 419 427
179 170 204 201 203 197 198 196 202 170 196 197 198 201 202 203 204
180 464 464
181 101 175 561 175 101 561
182 172 172
183 27 106 134 27 106 134 407 407
184 39 187 547 200 39 596 595 568 216 187 200 216 547 568 595 596
185 40 57 125 57 40 125 578 578
186 174 187 591 174 189 313 275 190 187 189 190 275 313 591
187 140 184 186 140 281 186 184 193 574 322 193 281 322 574
188 122 122
189 147 174 186 174 186 297 147 190 190 297
190 186 189 189 186
191 172 192 172 192
192 172 191 191 172
193 141 142 149 172 187 197 141 380 398 369 187 172 322 142 490 149 197 322 369 380 398 490
194 495 354 224 245 577 452 401 538 224 245 354 401 452 495 538 577
195 122 122
196 170 179 204 198 170 201 202 179 203 197 197 198 201 202 203 204
197 141 142 149 170 172 179 193 196 380 193 170 149 141 202 203 198 490 201 204 179 142 172 196 198 201 202 203 204 380 490
198 170 179 196 197 202 197 196 201 170 204 179 203 201 202 203 204
199 550 416 375 415 375 415 416 550
200 39 184 184 39
201 170 179 196 197 198 170 202 179 203 204 197 198 196 202 203 204
202 170 179 196 197 198 201 170 198 201 197 203 196 204 179 203 204
203 170 179 196 197 198 201 202 179 197 201 202 196 170 204 198 204
204 170 179 196 197 198 201 202 203 179 196 201 202 197 198 170 203
205 172 172
206 56 56
207 149 149
208 371 371
209 58 327 455 391 58 327 391 455
210 43 43 492 491 226 226 491 492
211 148 148
212 586 489 489 586
213 34 153 154 336 540 153 34 154 336 540
214 18 18 436 366 366 436
215 260 496 260 496
216 184 184
217 98 585 98 232 232 585
218 310 406 378 310 378 406
219 258 258
220 115 355 401 115 375 355 375 401
221 291 395 298 291 298 395
222 569 413 413 569
223 64 132 64 132
224 63 194 433 394 194 295 537 538 306 285 536 63 285 295 306 394 433 536 537 538
225 32 32 269 299 269 299
226 43 132 210 132 264 265 266 268 210 43 297 492 491 308 264 265 266 268 297 308 491 492
227 30 157 348 426 345 30 350 157 560 344 430 599 249 263 548 249 263 344 345 348 350 426 430 548 560 599
228 229 254 229 254
229 151 228 228 449 230 542 367 254 151 230 254 367 449 542
230 151 229 449 229 151 367 542 367 449 542
231 78 663 78 663
232 98 217 585 98 217 585
233 44 514 451 44 451 514
234 70 269 319 318 70 269 318 319
235 249 669 249 669
236 119 119 303 238 238 303
237 105 105
238 119 236 119 303 236 303
239 59 59
240 241 241
241 1 240 556 609 240 1 556 609
242 243 244 243 244
243 160 242 333 588 244 160 242 579 279 244 279 333 579 588
244 26 160 242 243 160 26 556 243 588 579 279 560 242 279 556 560 579 588
245 194 194 577 577
246 327 327
247 42 168 487 42 168 261 261 487
248 42 136 136 42
249 227 235 626 468 235 227 350 671 350 468 626 671
250 428 428
251 350 255 255 350
252 263 253 253 263
253 252 252 263 263
254 228 229 228 229
255 251 251
256 257 258 257 258
257 256 258 256 258
258 2 135 219 256 257 219 257 256 2 135
259 525 621 477 477 525 621
260 164 178 215 178 496 409 164 415 215 409 415 496
261 42 247 42 487 247 487
262 33 626 33 626
263 30 227 252 253 30 252 430 345 227 253 345 430
264 226 226 265 265
265 226 264 226 264
266 226 226
267 107 107
268 226 297 308 226 297 308
269 70 86 225 234 234 319 86 318 299 225 70 299 318 319
270 82 118 118 82
271 368 563 507 555 564 288 273 287 272 272 273 287 288 368 507 555 563 564
272 70 271 507 70 319 555 368 287 288 564 563 273 271 318 273 287 288 318 319 368 507 555 563 564
273 31 271 272 368 555 288 271 564 442 507 287 353 31 563 272 287 288 353 368 442 507 555 563 564
274 100 100
275 186 305 313 186 305 313
276 464 464
277 41 41
278 282 282
279 160 243 244 676 456 160 244 243 530 456 530 676
280 286 327 450 286 327 450
281 60 120 127 161 187 120 187 127 412 60 161 412
282 68 76 278 278 76 68
283 33 47 84 47 33 467 84 467
284 110 399 110 399
285 63 224 63 306 224 537 536 306 536 537
286 280 383 280 675 327 327 383 675
287 271 272 273 507 272 368 555 564 563 271 273 288 288 368 507 555 563 564
288 271 272 273 287 563 564 555 507 272 271 273 368 287 368 507 555 563 564
289 56 119 130 56 119 590 130 590
290 321 320 320 321
291 16 29 104 116 118 221 221 292 116 16 395 29 118 104 292 395
292 16 29 104 116 291 104 291 116 29 16
293 307 296 296 307
294 313 313
295 224 394 224 394
296 33 48 293 48 385 673 293 307 33 307 385 673
297 174 189 226 268 479 174 189 308 268 226 312 313 308 312 313 479
298 221 221
299 225 269 269 225
300 148 413 148 413
301 14 105 14 527 338 105 338 527
302 145 145
303 119 236 238 238 119 236
304 9 10 12 77 12 77 9 10
305 275 275
306 63 224 285 433 537 536 285 224 63 433 536 537
307 293 296 293 296
308 226 268 297 297 268 226
309 500 499 498 324 324 498 499 500
310 110 124 218 406 218 124 110 378 378 406
311 548 548
312 297 297
313 186 275 294 297 294 275 479 186 297 479
314 148 148
315 100 100
316 44 50 394 50 44 394
317 75 396 395 581 629 75 382 565 382 395 396 565 581 629
318 70 234 269 272 319 234 269 70 272 319
319 70 234 269 272 318 269 318 272 234 70
320 290 321 290 321
321 290 320 516 320 290 385 356 356 385 516
322 101 112 113 167 187 193 561 167 112 113 193 101 187 561
323 58 83 58 678 83 678
324 145 309 145 499 500 498 309 484 484 498 499 500
325 509 508 624 508 509 624
326 97 103 137 137 97 103
327 157 209 246 280 286 412 246 410 209 280 157 359 286 397 340 388 576 340 359 388 397 410 412 576
328 145 515 351 145 351 515
329 340 340
330 51 587 480 508 572 51 480 508 572 587
331 178 178 502 502
332 446 664 445 445 446 664
333 81 243 243 81
334 26 26
335 110 110
336 34 153 154 213 533 452 540 34 213 153 154 452 533 540
337 439 439
338 4 14 28 67 105 111 123 301 14 4 111 105 405 123 67 28 301 405
339 9 11 13 22 69 80 114 155 22 9 470 534 531 69 551 528 80 11 630 114 473 552 13 155 364 364 470 473 528 531 534 551 552 630
340 120 157 327 329 329 576 120 343 401 157 346 388 327 343 346 388 401 576
341 145 614 392 613 485 145 392 485 613 614
342 55 55 623 360 360 623
343 120 340 120 340 401 401
344 227 413 227 599 346 548 346 413 548 599
345 30 227 263 227 430 30 263 430
346 340 344 424 340 627 625 344 424 625 627
347 157 465 157 370 426 370 426 465
348 227 227
349 30 30 462 462
350 54 157 227 249 251 227 426 54 157 251 376 249 560 376 426 560
351 3 328 575 3 497 391 328 391 497 575
352 54 134 54 362 134 481 362 481
353 273 442 507 273 442 507
354 91 96 100 119 194 194 91 472 100 96 452 119 452 472
355 115 220 220 115 401 401
356 321 516 385 321 385 516
357 107 107 435 435
358 478 640 476 506 448 448 476 478 506 640
359 327 412 387 397 327 387 397 412
360 342 464 342 464
361 438 401 401 438
362 6 54 352 6 352 54 541 541
363 649 376 522 376 522 649
364 9 11 13 22 69 80 114 155 339 531 630 69 528 155 13 470 22 80 11 114 551 552 9 473 534 339 470 473 528 531 534 551 552 630
365 68 68
366 18 214 436 214 18 436
367 78 151 229 230 458 542 382 78 229 449 230 151 382 449 458 542
368 271 272 273 287 288 271 273 564 563 555 272 287 288 507 507 555 563 564
369 115 193 398 115 193 567 398 567
370 157 347 426 347 157 465 426 465
371 208 459 208 530 459 530
372 438 438
373 104 137 137 104
374 96 96
375 125 199 220 411 416 415 501 427 409 199 447 125 592 220 409 411 415 416 427 447 501 592
376 350 363 390 363 350 602 390 602
377 68 68
378 218 310 406 533 400 644 310 545 218 400 406 533 545 644
379 594 512 512 594
380 141 142 149 172 193 197 172 197 142 141 193 149 490 490
381 71 71
382 78 317 367 78 629 395 367 396 565 317 581 458 395 396 458 565 581 629
383 286 286 675 393 393 675
384 8 104 104 8
385 48 296 321 356 48 617 296 356 516 321 619 516 617 619
386 133 133
387 359 359
388 157 164 327 340 164 606 593 157 340 607 576 327 404 404 576 593 606 607
389 161 161 422 422
390 376 376
391 209 351 575 351 209 575
392 341 341
393 383 383
394 37 44 224 295 316 295 224 37 316 549 44 549
395 221 291 317 382 317 581 629 565 382 291 221 396 396 565 581 629
396 317 382 395 317 565 382 581 395 629 565 581 629
397 327 359 412 359 450 327 412 450
398 193 369 369 193
399 110 284 284 110
400 378 533 378 511 511 533
401 100 115 120 194 220 340 343 355 361 120 340 343 438 115 194 220 100 355 361 495 438 495
402 121 403 121 403
403 121 402 121 402
404 388 388
405 67 111 123 338 123 338 111 67
406 218 310 378 310 378 218
407 27 134 183 134 27 183
408 121 121
409 73 164 178 260 375 178 447 416 73 501 164 375 415 260 592 419 427 415 416 419 427 447 501 592
410 327 327
411 125 375 375 125 532 532
412 281 327 359 397 397 327 359 281
413 148 222 300 344 300 344 569 222 148 423 423 569
414 100 131 100 131
415 164 199 260 375 409 375 416 488 409 503 260 199 164 416 488 503
416 199 375 409 415 409 375 415 199 488 488
417 556 443 443 556
418 105 105
419 36 73 178 409 453 178 73 409 36 453
420 37 150 150 37
421 481 481
422 150 161 389 389 161 150
423 413 413
424 54 346 346 454 54 454
425 110 110
426 35 48 157 158 227 347 350 370 227 560 350 370 35 157 475 347 158 465 48 465 475 560
427 178 375 409 178 501 592 375 447 409 447 501 592
428 58 250 250 58
429 58 597 58 474 474 597
430 30 227 263 345 345 30 227 263
431 68 68
432 66 66
433 224 306 224 306
434 21 109 662 21 610 109 567 567 610 662
435 107 357 107 357
436 18 214 366 18 366 214
437 35 62 62 35
438 361 372 401 361 372 401
439 16 17 29 337 17 337 16 29
440 66 557 66 494 441 441 494 557
441 440 559 440 559
442 273 353 353 273
443 417 417
444 619 619
445 332 446 332 446
446 161 332 445 161 445 332
447 375 409 427 409 427 375 501 592 501 592
448 358 640 476 358 476 640
449 151 229 230 367 230 229 542 367 151 542
450 280 397 488 397 280 488
451 44 121 233 233 44 121 514 514
452 194 336 354 336 533 194 354 533
453 36 419 36 419
454 424 424
455 209 209
456 279 279 530 530
457 612 529 529 612
458 78 367 382 78 367 382
459 371 371
460 104 674 104 620 620 674
461 653 607 665 632 607 632 653 665
462 30 349 30 349
463 55 55
464 59 180 276 360 59 180 276 638 360 638
465 157 347 370 426 347 157 426 370
466 32 103 32 103
467 84 283 283 84
468 249 249 626 626
469 35 146 146 35
470 9 11 13 22 69 80 114 155 339 364 11 531 473 22 552 364 13 114 339 155 630 534 551 69 9 80 528 473 528 531 534 551 552 630
471 68 584 68 584
472 96 99 119 354 354 99 96 119
473 9 11 13 22 69 80 114 155 339 364 470 69 470 13 9 114 552 551 534 531 80 155 364 11 22 528 339 630 528 531 534 551 552 630
474 58 429 429 58
475 426 426 518 518
476 358 448 640 506 448 478 358 478 506 640
477 146 259 505 146 525 660 672 259 598 505 525 598 660 672
478 358 476 506 358 476 666 506 666
479 297 313 297 313
480 330 572 330 572
481 352 421 352 421
482 123 123
483 152 152
484 324 324
485 341 341
486 545 545
487 42 247 261 261 247 42
488 415 416 450 415 450 416
489 212 586 212 586
490 141 142 149 172 193 197 380 172 149 141 197 142 193 380
491 43 210 226 210 492 43 226 492
492 43 210 226 491 210 491 43 226
493 39 39
494 440 440
495 194 401 194 401
496 215 260 260 215
497 3 351 351 3
498 309 324 309 499 500 324 499 500
499 309 324 498 309 324 500 498 500
500 309 324 498 499 309 324 499 498
501 375 409 427 447 592 427 409 375 447 592
502 331 331
503 65 415 65 415
504 505 505
505 477 504 504 477 661 661
506 74 358 476 478 654 666 553 478 543 476 616 74 358 612 521 521 543 553 612 616 654 666
507 271 272 273 287 288 353 368 272 555 287 271 564 288 353 273 563 368 555 563 564
508 0 26 36 51 325 330 325 51 26 36 517 330 0 517
509 325 325
510 513 513
511 400 400
512 58 61 379 58 594 639 562 379 607 61 650 641 562 594 607 639 641 650
513 58 68 510 58 510 68 628 628
514 44 233 451 233 44 451
515 328 328
516 321 356 385 321 356 385
517 36 508 36 508
518 475 475
519 24 101 107 642 107 24 561 101 561 642
520 96 96
521 506 608 640 636 506 608 636 640
522 363 649 363 649
523 91 91
524 598 598
525 259 477 259 477 621 621
526 79 92 79 92
527 301 301
528 9 11 13 22 69 80 114 155 339 364 470 473 364 9 80 13 114 552 630 534 69 155 22 339 11 551 531 473 470 531 534 551 552 630
529 457 612 457 612
530 279 371 456 371 279 558 557 456 557 558
531 9 11 13 22 69 80 114 155 339 364 470 473 528 364 9 470 534 13 80 339 551 473 630 155 552 528 69 11 22 114 534 551 552 630
532 89 411 411 89
533 336 378 400 452 336 400 378 452
534 9 11 13 22 69 80 114 155 339 364 470 473 528 531 22 552 531 114 528 11 69 339 630 470 473 155 551 80 13 9 364 551 552 630
535 607 637 634 607 634 637
536 63 224 285 306 63 306 224 537 285 537
537 63 224 285 306 536 306 63 224 285 536
538 194 224 224 194
539 61 631 670 61 631 670
540 34 153 154 213 336 336 154 153 34 213
541 6 362 6 362
542 151 229 230 367 449 449 151 367 229 230
543 506 506 553 654 553 654
544 133 133
545 378 486 571 486 644 667 378 571 644 667
546 145 145
547 184 184 611 611
548 227 311 344 599 311 227 344 599
549 37 394 37 394
550 199 199
551 9 11 13 22 69 80 114 155 339 364 470 473 528 531 534 13 69 80 11 155 114 630 364 9 470 552 473 531 339 534 22 528 552 630
552 9 11 13 22 69 80 114 155 339 364 470 473 528 531 534 551 630 534 69 155 528 470 473 11 13 9 551 364 80 22 531 114 339 630
553 506 543 506 543 654 654
554 68 68
555 271 272 273 287 288 368 507 507 564 288 272 271 273 368 287 563 563 564
556 1 241 244 417 417 241 560 244 1 609 560 609
557 440 530 558 440 530 558
558 530 557 557 530
559 441 441
560 157 227 244 350 426 556 556 426 157 227 244 350
561 101 181 322 519 322 181 101 519
562 61 512 61 512
563 271 272 273 287 288 368 507 555 288 271 368 564 287 555 507 272 273 564
564 271 272 273 287 288 368 507 555 563 555 288 368 563 271 507 287 273 272
565 317 382 395 396 395 396 629 581 382 317 581 629
566 26 26
567 369 434 662 648 369 434 648 662
568 184 596 184 595 595 596
569 222 413 222 413
570 73 73
571 545 545 667 667
572 330 480 480 330
573 618 607 607 618
574 187 187
575 351 391 351 391
576 157 327 340 388 340 157 388 327
577 194 245 194 245
578 185 185
579 243 244 244 243
580 129 129
581 317 382 395 396 565 395 565 317 629 396 382 629
582 72 72
583 61 61
584 68 471 68 471
585 98 217 232 217 98 232
586 212 489 489 212 607 607
587 330 330
588 243 244 243 244
589 106 106
590 119 289 119 289
591 186 186
592 375 409 427 447 501 501 427 409 375 447
593 388 388
594 379 512 512 379
595 184 568 184 568 596 596
596 184 568 595 184 568 595
597 429 429
598 477 524 524 477
599 227 344 548 548 227 344
600 39 39 652 652
601 110 110
602 376 376
603 4 4
604 607 607
605 15 655 15 607 607 655
606 388 388 607 607
607 15 61 388 461 512 535 573 586 604 605 606 658 637 641 461 15 657 535 605 634 388 655 512 61 653 656 606 650 665 586 604 573 632 618 618 632 634 637 641 650 653 655 656 657 658 665
608 521 521 612 612
609 1 241 556 241 1 556
610 434 434
611 547 547
612 55 71 74 457 506 529 608 457 71 74 529 506 608 55
613 341 341
614 341 341
615 74 74
616 506 506
617 385 385
618 573 607 573 607
619 385 444 444 385
620 460 674 460 674
621 259 525 259 525
622 39 39
623 55 342 55 342
624 325 325
625 346 627 346 627
626 33 249 262 468 249 262 33 468
627 346 625 625 346
628 58 68 513 58 513 68
629 317 382 395 396 565 581 395 565 382 317 581 396
630 9 11 13 22 69 80 114 155 339 364 470 473 528 531 534 551 552 552 364 69 13 528 551 80 22 114 534 470 155 11 531 339 9 473
631 539 539
632 461 607 665 653 607 461 653 665
633 74 74
634 535 607 607 535 637 637
635 656 656
636 521 640 521 640
637 535 607 634 607 535 634
638 464 464
639 58 512 512 58
640 358 448 476 521 636 476 636 521 448 358
641 512 607 607 512
642 519 519
643 107 107
644 378 545 545 378
645 107 107
646 65 659 65 659
647 146 146
648 567 567
649 363 522 363 522
650 61 512 607 61 607 512
651 61 61
652 39 600 39 600
653 461 607 632 461 632 665 607 665
654 506 543 553 506 553 543
655 15 605 607 15 605 607
656 607 635 635 607
657 607 607 658 658
658 607 657 607 657
659 65 646 646 65
660 477 477
661 505 505
662 434 567 434 567
663 78 231 78 231
664 332 332
665 461 607 632 653 632 461 653 607
666 478 506 506 478
667 545 571 571 545
668 5 71 72 71 72 5
669 235 235
670 539 539
671 249 249
672 477 477
673 48 296 296 48
674 460 620 460 620
675 286 383 286 383
676 279 279
677 98 98
678 58 323 323 58
