0 9 61 9 61
1 16 16
2 14 54 26 55 14 26 54 55
3 66 31 73 27 27 31 66 73
4 16 16
5 52 52
6 80 52 52 80
7 43 10 45 21 10 21 43 45
8 9 64 59 50 52 9 50 52 59 64
9 0 8 8 50 67 14 53 59 0 52 64 61 77 14 50 52 53 59 61 64 67 77
10 7 21 7 43 45 21 43 45
11 31 12 35 81 39 12 31 35 39 81
12 11 11
13 14 60 14 60
14 2 9 13 54 52 58 13 59 9 82 60 2 69 52 54 58 59 60 69 82
15 55 85 55 85
16 1 4 48 23 4 28 30 31 1 23 28 30 31 48
17 34 47 31 31 34 47
18 31 31
19 43 34 40 34 40 43
20 22 22
21 7 10 10 7
22 20 84 20 32 24 27 33 24 27 32 33 84
23 16 31 16 48 31 48
24 22 22
25 76 75 55 74 70 26 65 62 26 55 62 65 70 74 75 76
26 2 25 75 55 62 74 25 65 70 76 2 55 62 65 70 74 75 76
27 3 22 52 83 31 71 3 22 72 31 52 71 72 83
28 16 29 30 16 29 30
29 28 28
30 16 28 28 16
31 3 11 16 17 18 23 27 23 47 11 48 3 27 17 18 57 49 16 37 37 47 48 49 57
32 22 22
33 22 22
34 17 19 17 51 19 51
35 11 36 63 11 39 42 38 81 36 38 39 42 63 81
36 35 35 41 78 46 38 42 79 38 41 42 46 78 79
37 31 49 31 49
38 35 36 42 36 35 42
39 11 35 81 35 11 81
40 19 43 19 43
41 36 36 79 46 42 78 44 42 44 46 78 79
42 35 36 38 41 41 38 46 36 35 78 79 46 78 79
43 7 10 19 40 7 56 19 10 45 40 45 56
44 41 41
45 7 10 43 43 7 10
46 36 41 42 41 36 78 79 42 78 79
47 17 31 31 17
48 16 23 31 16 31 23
49 31 37 37 31
50 8 9 9 52 59 8 52 59
51 34 34
52 5 6 8 9 14 27 50 27 14 50 80 5 59 8 6 9 83 59 80 83
53 9 77 9 67 67 77
54 2 14 14 2
55 2 15 25 26 26 25 74 15 75 65 2 85 76 62 62 65 74 75 76 85
56 43 43
57 31 31
58 14 60 14 69 82 60 69 82
59 8 9 14 50 52 14 64 8 50 52 9 64
60 13 14 58 58 14 82 69 13 69 82
61 0 9 9 0
62 25 26 55 26 65 76 25 74 75 55 65 74 75 76
63 35 35
64 8 9 59 8 59 9
65 25 26 55 62 62 75 74 55 26 25 76 74 75 76
66 3 3 73 73
67 9 53 9 77 53 77
68 69 69
69 14 58 60 68 68 14 58 60
70 25 26 25 26
71 27 72 27 72
72 27 71 71 27
73 3 66 66 3
74 25 26 55 62 65 55 65 26 25 62 76 75 75 76
75 25 26 55 62 65 74 25 26 65 55 62 74 76 76
76 25 26 55 62 65 74 75 25 62 26 74 75 55 65
77 9 53 67 53 67 9
78 36 41 42 46 79 36 46 41 42 79
79 36 41 42 46 78 78 41 46 36 42
80 6 52 6 52
81 11 35 39 39 11 35
82 14 58 60 14 60 58
83 27 52 27 52
84 22 22
85 15 55 55 15
