0 7 56 1 13 1 7 13 56
1 0 36 64 32 0 12 13 69 29 12 13 29 32 36 64 69
2 14 39 14 39
3 8 5 5 8
4 10 5 6 5 6 10
5 3 4 6 4 8 10 3 7 6 7 8 10
6 4 5 5 4
7 0 5 56 0 5 56
8 3 5 5 3
9 11 43 44 13 11 13 43 44
10 4 5 4 5
11 9 9 43 13 44 13 43 44
12 1 41 15 42 1 15 41 42
13 0 1 9 11 55 38 57 52 46 37 43 28 47 27 16 9 23 25 40 11 54 21 53 22 44 1 19 0 16 19 21 22 23 25 27 28 37 38 40 43 44 46 47 52 53 54 55 57
14 2 2 20 18 39 18 20 39
15 12 12
16 13 13
17 30 64 26 60 63 49 65 35 58 34 31 51 26 30 31 34 35 49 51 58 60 63 64 65
18 14 20 14 20
19 13 48 13 48
20 14 18 26 18 14 26
21 13 13
22 13 13
23 13 25 13 24 24 25
24 23 25 23 25
25 13 23 24 23 13 24
26 17 20 20 17 60 30 58 30 58 60
27 13 13
28 13 13
29 1 69 50 32 1 64 32 50 64 69
30 17 26 17 62 45 26 33 68 58 60 59 33 45 58 59 60 62 68
31 17 35 64 63 65 51 34 58 49 17 34 35 49 51 58 63 64 65
32 1 29 69 29 1 64 64 69
33 30 45 30 68 62 59 45 59 62 68
34 17 31 63 65 35 58 51 64 31 49 17 35 49 51 58 63 64 65
35 17 31 34 31 49 34 65 64 63 58 51 17 49 51 58 63 64 65
36 1 1
37 13 13
38 13 13
39 2 14 2 14
40 13 13
41 12 12
42 12 12
43 9 11 13 9 11 13 44 44
44 9 11 13 43 9 43 11 13
45 30 33 59 68 30 33 66 67 62 61 59 61 62 66 67 68
46 13 13
47 13 13
48 19 19
49 17 31 34 35 35 65 63 64 17 51 58 34 31 51 58 63 64 65
50 29 29 64 64
51 17 31 34 35 49 58 65 34 31 49 35 63 17 64 58 63 64 65
52 13 13
53 13 13
54 13 13
55 13 13
56 0 7 7 0
57 13 13
58 17 26 30 31 34 35 49 51 51 60 34 65 63 64 49 35 26 30 31 17 60 63 64 65
59 30 33 45 45 62 68 33 30 62 68
60 17 26 30 58 58 26 17 30
61 45 67 66 45 66 67
62 30 33 45 59 30 59 45 68 33 68
63 17 31 34 35 49 51 58 34 49 35 58 31 17 64 65 51 64 65
64 1 17 29 31 32 34 35 49 50 51 58 63 49 35 17 31 63 58 1 34 65 69 32 50 29 51 65 69
65 17 31 34 35 49 51 58 63 64 51 34 49 35 58 31 17 64 63
66 45 61 67 61 45 67
67 45 61 66 66 61 45
68 30 33 45 59 62 45 30 62 59 33
69 1 29 32 64 29 32 64 1
