0 20 84 112 109 89 20 84 89 109 112
1 78 108 107 81 84 78 81 84 107 108
2 22 5 3 33 3 5 22 33
3 2 2
4 8 5 79 24 57 7 122 11 25 126 6 38 129 14 5 6 7 8 11 14 24 25 38 57 79 122 126 129
5 2 4 2 4 111 26 33 38 129 27 26 27 33 38 111 129
6 4 4
7 4 8 24 11 4 9 10 29 13 8 9 10 11 13 24 29
8 4 7 24 7 4 11 11 24
9 7 13 7 44 12 12 13 44
10 7 7
11 4 7 8 57 7 24 4 8 122 90 91 24 57 90 91 122
12 9 68 9 68
13 7 9 9 7
14 4 41 130 128 127 87 4 41 87 127 128 130
15 121 44 28 30 42 69 82 43 16 16 28 30 42 43 44 69 82 121
16 15 15
17 19 48 47 59 119 117 85 118 19 47 48 59 85 117 118 119
18 100 80 66 65 79 65 66 79 80 100
19 17 17 85 59 59 85
20 0 0 112 112
21 133 135 34 70 40 23 35 134 23 34 35 40 70 133 134 135
22 2 2
23 21 40 70 32 134 21 133 39 135 32 39 40 70 133 134 135
24 4 7 8 11 8 7 91 4 11 90 90 91
25 4 126 4 126
26 5 5 27 27
27 5 26 26 5
28 15 64 67 44 50 56 62 30 42 72 15 52 113 73 69 54 86 30 42 44 50 52 54 56 62 64 67 69 72 73 86 113
29 7 7
30 15 28 116 44 28 15 44 116
31 56 71 56 71
32 23 23 39 39
33 2 5 5 2
34 21 21 37 38 35 36 35 36 37 38
35 21 34 34 21
36 34 34 37 38 37 38
37 34 36 34 38 36 38
38 4 5 34 36 37 129 34 5 37 4 36 129
39 23 32 32 23
40 21 23 135 23 21 70 133 134 70 133 134 135
41 14 14 130 130
42 15 28 60 69 62 28 137 131 52 49 54 15 136 138 49 52 54 60 62 69 131 136 137 138
43 15 123 44 125 124 132 115 46 15 44 46 115 123 124 125 132
44 9 15 28 30 43 116 15 28 43 30 9 116
45 139 72 110 119 72 110 119 139
46 43 132 43 132
47 17 17 48 48
48 17 47 17 47
49 42 60 42 54 69 54 60 69
50 28 52 28 86 64 73 52 64 73 86
51 61 56 55 55 56 61
52 28 42 50 50 64 86 28 42 64 86
53 103 97 102 104 88 95 88 95 97 102 103 104
54 28 42 49 138 136 137 60 49 42 62 28 131 69 60 62 69 131 136 137 138
55 51 61 56 51 56 61
56 28 31 51 55 61 63 28 31 120 74 106 64 113 86 67 55 72 51 71 61 63 64 67 71 72 74 86 106 113 120
57 4 11 122 76 75 78 4 11 75 76 78 122
58 92 95 92 95
59 17 19 85 17 19 85
60 42 49 54 42 69 49 54 69
61 51 55 56 56 51 55
62 28 42 54 42 28 54
63 56 56 114 106 120 74 74 106 114 120
64 28 50 52 56 28 52 113 72 86 50 56 67 67 72 86 113
65 18 83 66 18 66 83
66 18 65 18 65
67 28 56 64 28 86 72 64 113 56 72 86 113
68 12 12
69 15 28 42 49 54 60 42 60 28 49 15 54
70 21 23 40 135 23 21 40 134 133 133 134 135
71 31 56 31 56
72 28 45 56 64 67 86 45 28 113 64 67 110 139 119 56 86 110 113 119 139
73 28 50 50 28
74 56 63 56 106 63 106
75 57 57 76 76
76 57 75 57 75
77 109 109
78 1 57 1 107 108 81 57 84 81 84 107 108
79 4 18 100 4 80 18 80 100
80 18 79 18 79 100 100
81 1 78 107 78 1 84 108 84 107 108
82 15 15 121 121
83 65 65
84 0 1 78 81 0 107 108 78 81 109 1 107 108 109
85 17 19 59 59 19 17
86 28 50 52 56 64 67 72 72 67 52 50 64 113 28 56 113
87 14 14
88 53 103 92 97 98 53 102 92 97 98 102 103
89 0 0
90 11 24 91 24 11 91
91 11 24 90 24 90 11
92 58 88 98 105 88 95 94 93 99 101 58 96 100 93 94 95 96 98 99 100 101 105
93 92 100 105 92 94 94 100 105
94 92 93 100 92 93 105 100 105
95 53 58 92 92 58 104 53 96 96 104
96 92 95 92 95
97 53 88 53 102 103 88 102 103
98 88 92 92 88
99 92 92 101 101
100 18 79 80 92 93 94 93 79 18 94 105 80 92 105
101 92 99 92 99
102 53 88 97 97 53 88 103 103
103 53 88 97 102 53 88 97 102
104 53 95 53 95
105 92 93 94 100 92 93 100 94
106 56 63 74 63 56 74
107 1 78 81 84 78 81 1 84 108 108
108 1 78 81 84 107 78 1 84 107 81
109 0 77 84 77 0 84
110 45 72 139 45 72 119 119 139
111 5 5
112 0 20 20 0
113 28 56 64 67 72 86 64 72 28 86 56 67
114 63 63
115 43 125 123 124 43 123 124 125
116 30 44 30 44
117 17 118 119 17 118 119
118 17 117 117 119 17 119
119 17 45 72 110 117 118 117 118 17 110 139 45 72 139
120 56 63 56 63
121 15 82 15 82
122 4 11 57 57 4 11
123 43 115 43 115 124 125 124 125
124 43 115 123 43 115 123 125 125
125 43 115 123 124 43 115 123 124
126 4 25 25 4
127 14 14
128 14 14
129 4 5 38 38 5 4
130 14 41 14 41
131 42 54 136 137 42 138 54 136 137 138
132 43 46 46 43
133 21 23 40 70 21 134 135 23 40 70 134 135
134 21 23 40 70 133 133 23 70 21 135 40 135
135 21 23 40 70 133 134 40 70 21 133 23 134
136 42 54 131 137 54 131 138 42 137 138
137 42 54 131 136 138 136 131 54 42 138
138 42 54 131 136 137 137 54 136 131 42
139 45 72 110 119 45 110 72 119
