0 29 50 9 102 43 39 4 59 18 58 4 9 18 29 39 43 50 58 59 102
1 81 61 93 9 10 9 10 61 81 93
2 57 65 68 88 19 72 86 67 75 73 19 57 65 67 68 72 73 75 86 88
3 52 11 62 11 52 62
4 0 59 39 78 43 23 36 21 102 29 60 50 18 0 18 21 23 29 36 39 43 50 59 60 78 102
5 25 49 33 25 33 49
6 7 28 32 38 33 7 28 32 33 38
7 6 31 6 17 33 26 14 77 101 32 38 55 96 28 54 24 100 35 15 16 63 14 15 16 17 24 26 28 31 32 33 35 38 54 55 63 77 96 100 101
8 76 9 9 76
9 0 1 8 61 59 0 93 8 76 58 1 58 59 61 76 93
10 1 51 11 12 103 94 42 47 46 81 22 13 53 1 11 12 13 22 42 46 47 51 53 81 94 103
11 3 10 10 62 52 13 12 3 12 13 52 62
12 10 11 51 94 10 46 42 13 11 13 42 46 51 94
13 10 11 12 99 12 10 11 99
14 7 28 7 28
15 7 101 38 35 16 100 7 16 35 38 100 101
16 7 15 38 15 101 35 100 7 35 38 100 101
17 7 7 26 96 35 77 26 35 77 96
18 0 4 43 29 39 4 0 29 39 43
19 2 58 48 2 45 29 40 44 29 40 44 45 48 58
20 98 97 80 78 27 27 78 80 97 98
21 4 78 4 23 23 78
22 10 47 10 37 46 95 37 46 47 95
23 4 21 78 4 21 78
24 7 55 7 55
25 5 5
26 7 17 77 96 7 17 35 30 64 30 35 64 77 96
27 20 20
28 6 7 14 6 14 43 32 33 38 44 7 41 32 33 38 41 43 44
29 0 4 18 19 0 58 39 19 59 18 43 4 102 40 48 44 45 39 40 43 44 45 48 58 59 102
30 26 26
31 7 7 54 63 54 63
32 6 7 28 38 6 28 7 33 33 38
33 5 6 7 28 32 7 43 38 41 28 6 32 5 44 38 41 43 44
34 89 92 74 69 70 79 66 71 67 66 67 69 70 71 74 79 89 92
35 7 15 16 17 26 38 15 77 101 96 100 26 16 7 17 38 77 96 100 101
36 4 4 60 60
37 22 22 95 95
38 6 7 15 16 28 32 33 35 32 35 41 100 15 16 33 6 7 28 101 41 100 101
39 0 4 18 29 43 29 4 102 59 50 18 0 43 50 59 102
40 19 29 44 45 48 19 29 58 44 45 48 58
41 28 33 38 38 33 28
42 10 12 12 10 94 94
43 0 4 18 28 29 33 39 39 18 33 4 50 28 0 59 102 29 50 59 102
44 19 28 29 33 40 48 40 45 28 19 29 33 58 45 48 58
45 19 29 40 44 58 19 40 44 48 29 48 58
46 10 12 22 47 12 10 51 22 47 51
47 10 22 46 46 22 10
48 19 29 40 44 45 19 44 40 45 29 58 58
49 5 5
50 0 4 39 43 0 43 39 4
51 10 12 46 12 10 46
52 3 11 3 11 62 62
53 10 103 10 103
54 7 31 31 63 7 63
55 7 24 24 7
56 84 87 85 82 86 83 88 82 83 84 85 86 87 88
57 2 2 72 73 75 68 67 67 68 72 73 75
58 0 9 19 29 40 44 45 48 19 29 45 40 9 48 44 0
59 0 4 9 29 39 43 4 9 39 43 29 102 0 102
60 4 36 36 4
61 1 9 1 9 93 93
62 3 11 52 11 3 52
63 7 31 54 54 31 7
64 26 26
65 2 2
66 34 69 70 34 69 70
67 2 34 57 71 72 75 68 2 73 57 34 68 71 72 73 75
68 2 57 67 2 72 75 67 57 73 72 73 75
69 34 66 66 70 34 70
70 34 66 69 66 69 34
71 34 67 67 34
72 2 57 67 68 67 68 73 2 57 75 73 75
73 2 57 67 68 72 72 75 57 67 68 2 75
74 34 89 34 92 89 92
75 2 57 67 68 72 73 68 67 73 57 2 72
76 8 9 8 9
77 7 17 26 35 26 35 7 96 17 96
78 4 20 21 23 98 4 23 21 80 20 97 80 97 98
79 34 89 34 89
80 20 78 20 78 97 98 97 98
81 1 10 1 10
82 56 83 85 87 56 84 88 86 83 84 85 86 87 88
83 56 82 82 84 56 85 87 88 86 84 85 86 87 88
84 56 82 83 56 83 88 82 85 87 86 85 86 87 88
85 56 82 83 84 82 56 87 83 84 88 86 86 87 88
86 2 56 82 83 84 85 88 87 56 2 84 85 82 83 87 88
87 56 82 83 84 85 86 56 82 86 88 85 84 83 88
88 2 56 82 83 84 85 86 87 2 84 86 87 56 85 82 83
89 34 74 79 34 91 74 90 79 92 90 91 92
90 89 89 91 91
91 89 90 89 90
92 34 74 89 34 89 74
93 1 9 61 9 1 61
94 10 12 42 12 10 42
95 22 37 22 37
96 7 17 26 35 77 26 35 17 77 7
97 20 78 80 20 98 80 78 98
98 20 78 80 97 78 20 97 80
99 13 13
100 7 15 16 35 38 101 38 35 15 16 7 101
101 7 15 16 35 38 100 15 100 35 7 16 38
102 0 4 29 39 43 59 39 0 43 4 29 59
103 10 53 10 53
