0 7 7
1 3 5 4 15 14 7 25 12 3 4 5 7 12 14 15 25
2 16 9 13 9 13 16
3 1 1 14 14
4 1 1 5 5
5 1 4 1 4
6 8 18 11 8 11 18
7 0 1 15 0 25 1 15 25
8 6 24 6 27 10 11 13 18 10 11 13 18 24 27
9 2 13 16 2 13 16
10 8 22 11 18 17 8 21 23 11 17 18 21 22 23
11 6 8 10 10 21 22 8 18 6 18 21 22
12 1 1
13 2 8 9 16 9 19 8 2 16 19
14 1 3 3 1
15 1 7 7 1 28 29 26 25 30 19 19 25 26 28 29 30
16 2 9 13 13 2 9
17 10 10
18 6 8 10 11 10 24 6 11 27 8 24 27
19 13 15 29 30 26 20 13 28 15 20 26 28 29 30
20 19 19
21 10 11 22 11 10 22
22 10 11 21 10 21 11
23 10 10
24 8 18 8 18 27 27
25 1 7 15 15 7 1
26 15 19 19 30 29 28 15 28 29 30
27 8 18 24 8 18 24
28 15 19 26 30 15 26 29 19 29 30
29 15 19 26 28 19 15 26 28 30 30
30 15 19 26 28 29 28 19 26 15 29
