0 313 104 6 6 104 313
1 362 11 51 258 197 43 317 2 320 319 57 254 3 48 84 310 2 3 11 43 48 51 57 84 197 254 258 310 317 319 320 362
2 1 254 57 317 3 43 362 84 310 320 319 11 51 1 48 258 197 3 11 43 48 51 57 84 197 254 258 310 317 319 320 362
3 1 2 57 317 43 2 362 258 254 11 84 319 1 320 310 197 11 43 57 84 197 254 258 310 317 319 320 362
4 194 274 273 5 70 259 27 270 272 316 276 271 244 275 195 223 69 53 5 27 53 69 70 194 195 223 244 259 270 271 272 273 274 275 276 316
5 4 69 244 195 223 259 274 273 194 4 276 275 270 272 70 53 271 15 15 53 69 70 194 195 223 244 259 270 271 272 273 274 275 276
6 0 0
7 211 61 8 42 86 8 42 61 86 211
8 7 7
9 36 46 36 46
10 201 28 102 26 24 88 75 168 287 330 24 26 28 75 88 102 168 201 287 330
11 1 2 3 310 1 362 57 254 197 320 3 84 2 43 317 319 258 43 57 84 197 254 258 310 317 319 320 362
12 15 241 15 241
13 42 62 42 62
14 81 224 227 200 81 200 224 227
15 5 12 257 71 12 66 209 5 241 304 37 37 66 71 209 241 257 304
16 225 202 257 202 225 257
17 284 128 128 284
18 312 128 68 98 32 249 155 286 188 219 199 32 68 98 128 155 188 199 219 249 286 312
19 82 82
20 160 64 67 130 129 148 73 302 64 67 73 129 130 148 160 302
21 123 183 79 159 339 79 123 159 183 339
22 23 23
23 22 156 22 24 24 156
24 10 23 168 360 281 10 28 72 102 217 23 28 72 102 168 217 281 360
25 314 323 288 74 322 74 288 314 322 323
26 10 10
27 4 269 4 269
28 10 24 168 10 24 168
29 99 157 215 110 93 93 99 110 157 215
30 279 226 184 267 261 184 226 261 267 279
31 220 122 122 220
32 18 98 18 128 155 286 199 98 128 155 199 286
33 218 218
34 210 229 233 210 229 233
35 354 199 199 354
36 9 9 48 46 46 48
37 15 241 294 15 241 294
38 234 94 203 328 237 352 94 203 234 237 328 352
39 178 64 159 214 289 166 297 298 295 296 160 138 144 64 138 144 159 160 166 178 214 289 295 296 297 298
40 347 126 182 190 172 149 125 256 173 41 60 152 177 355 127 243 41 60 125 126 127 149 152 172 173 177 182 190 243 256 347 355
41 40 126 125 182 190 152 172 127 149 347 177 173 40 60 342 256 355 243 60 125 126 127 149 152 172 173 177 182 190 243 256 342 347 355
42 7 13 63 13 232 45 329 211 7 326 45 63 211 232 326 329
43 1 2 3 11 320 317 3 2 362 1 57 11 258 84 310 319 197 254 57 84 197 254 258 310 317 319 320 362
44 77 136 263 336 77 136 263 336
45 42 42 329 329
46 9 36 9 36
47 78 135 205 327 202 63 257 222 63 78 135 202 205 222 257 327
48 1 2 36 318 36 351 2 1 51 205 51 205 318 351
49 148 148
50 332 331 191 303 191 303 331 332
51 1 2 48 1 2 48
52 55 55
53 4 5 195 259 271 5 270 276 244 118 272 134 275 4 118 134 195 244 259 270 271 272 275 276
54 80 80
55 52 52 251 132 116 226 231 104 161 175 154 184 344 216 67 67 104 116 132 154 161 175 184 216 226 231 251 344
56 218 86 86 218
57 1 2 3 11 43 3 2 320 11 310 317 258 254 84 1 43 362 319 197 84 197 254 258 310 317 319 320 362
58 132 236 132 236
59 300 130 141 286 345 130 141 286 300 345
60 40 41 177 256 149 172 173 127 126 125 355 152 347 243 182 190 41 40 125 126 127 149 152 172 173 177 182 190 243 256 347 355
61 7 7
62 13 13
63 42 47 42 211 47 257 202 82 82 202 211 257
64 20 39 39 130 20 160 148 166 73 67 346 67 73 130 148 160 166 346
65 130 103 103 130
66 15 15
67 20 55 64 160 20 216 148 116 64 73 130 154 55 73 116 130 148 154 160 216
68 18 188 18 188
69 4 5 5 70 223 266 109 4 70 109 223 266
70 4 5 69 69 109 4 5 223 109 223
71 15 15 137 137
72 24 203 24 203
73 20 64 67 148 130 64 20 67 160 130 148 160
74 25 75 323 288 25 322 75 288 322 323
75 10 74 74 201 10 201
76 208 338 159 176 159 176 208 338
77 44 136 336 263 44 136 263 336
78 47 47
79 21 339 21 159 159 339
80 54 163 293 179 186 147 292 121 54 121 147 163 179 186 292 293
81 14 14
82 19 63 63 19
83 168 168
84 1 2 3 11 43 57 319 317 2 320 57 3 11 254 310 43 258 1 362 197 197 254 258 310 317 319 320 362
85 92 333 136 341 98 215 92 98 136 215 333 341
86 7 56 56 7
87 146 146
88 10 10 168 168
89 103 103
90 307 233 233 307
91 245 245
92 85 85 325 136 215 341 98 97 97 98 136 215 325 341
93 29 29
94 38 99 38 328 99 328
95 301 282 202 268 262 202 262 268 282 301
96 247 111 106 350 146 97 97 106 111 146 247 350
97 92 96 121 350 92 106 96 106 121 350
98 18 32 85 92 155 136 32 219 249 18 199 128 92 85 215 341 128 136 155 199 215 219 249 341
99 29 94 94 29 157 157
100 344 238 238 344
101 155 155
102 10 24 228 204 10 287 24 168 330 168 204 228 287 330
103 65 89 115 89 65 115
104 0 55 139 55 170 140 119 231 188 0 246 132 119 132 139 140 170 188 231 246
105 170 334 170 334
106 96 97 96 97 350 350
107 229 198 198 229
108 218 218
109 69 70 70 69
110 29 215 29 215
111 96 96 265 265
112 284 284
113 117 117
114 221 221
115 103 103
116 55 67 55 67 154 216 154 216
117 113 187 113 328 187 328
118 53 53
119 104 167 206 234 104 246 167 206 234 246
120 179 163 163 179
121 80 97 97 163 343 147 180 179 292 293 80 361 147 163 179 180 292 293 343 361
122 31 220 183 31 183 220
123 21 21 183 183
124 179 179
125 40 41 60 126 127 243 173 172 41 355 185 190 149 60 256 177 40 152 182 347 126 127 149 152 172 173 177 182 185 190 243 256 347 355
126 40 41 60 125 125 190 41 243 40 152 127 149 256 172 60 355 347 182 342 173 177 127 149 152 172 173 177 182 190 243 256 342 347 355
127 40 41 60 125 126 125 355 182 243 126 149 60 41 256 152 172 347 173 190 177 40 149 152 172 173 177 182 190 243 256 347 355
128 17 18 32 98 18 98 32 17 286 219 219 286
129 20 20 164 164
130 20 59 64 65 67 73 160 141 59 73 65 64 300 20 248 148 67 345 145 141 145 148 160 248 300 345
131 132 133 132 133
132 55 58 104 131 55 236 131 133 231 58 324 104 285 133 231 236 285 324
133 131 132 132 131
134 53 53
135 47 47
136 44 77 85 92 98 77 98 336 263 92 85 215 341 44 215 263 336 341
137 71 71
138 39 178 214 289 298 297 296 295 144 39 144 178 214 289 295 296 297 298
139 104 104
140 104 104
141 59 130 130 59 345 300 300 345
142 199 199
143 212 212
144 39 138 214 178 340 295 296 297 298 138 289 39 178 214 289 295 296 297 298 340
145 130 248 160 130 160 248
146 87 96 96 247 87 247
147 80 121 179 80 121 163 293 292 163 179 292 293
148 20 49 64 67 73 130 49 73 150 160 64 20 67 192 130 150 160 192
149 40 41 60 125 126 127 60 126 127 152 151 125 355 342 177 41 40 243 182 172 173 256 347 190 151 152 172 173 177 182 190 243 256 342 347 355
150 148 148 299 172 171 171 172 299
151 149 149
152 40 41 60 125 126 127 149 173 185 182 347 126 149 41 190 256 243 125 355 60 127 172 177 40 172 173 177 182 185 190 243 256 347 355
153 156 156
154 55 67 116 315 55 216 116 67 216 315
155 18 32 98 101 98 101 199 18 32 199
156 23 153 23 153
157 29 99 29 99
158 232 232
159 21 39 76 79 39 339 76 21 79 339
160 20 39 64 67 73 130 145 148 20 130 148 67 64 145 39 73 166 248 166 248
161 55 239 344 55 306 353 184 226 184 226 239 306 344 353
162 179 179
163 80 120 121 147 80 293 292 121 169 180 147 120 358 179 361 169 179 180 292 293 358 361
164 129 129
165 175 175
166 39 64 160 39 64 160
167 119 119 206 206
168 10 24 28 83 88 102 24 28 83 88 102 10
169 163 163 179 179
170 104 105 311 105 334 188 104 188 311 334
171 150 172 299 150 172 299
172 40 41 60 125 126 127 149 150 152 171 182 125 60 126 190 41 40 342 355 177 299 243 127 149 171 256 150 152 347 173 173 177 182 190 243 256 299 342 347 355
173 40 41 60 125 126 127 149 152 172 152 125 60 256 355 177 243 182 149 127 342 41 40 347 126 190 172 177 182 190 243 256 342 347 355
174 202 251 202 251
175 55 165 165 55 212 212
176 76 338 76 338
177 40 41 60 125 126 127 149 152 172 173 243 60 149 190 173 172 125 41 152 347 182 256 355 40 127 126 182 190 243 256 347 355
178 39 138 144 39 138 144 298 297 295 340 289 296 214 214 289 295 296 297 298 340
179 80 120 121 124 147 162 163 169 80 147 120 180 162 121 292 293 361 169 163 124 180 292 293 361
180 121 163 179 163 179 121 361 361
181 184 184
182 40 41 60 125 126 127 149 152 172 173 177 172 152 127 347 243 41 40 355 149 125 173 190 177 256 60 126 190 243 256 347 355
183 21 122 123 220 21 123 122 220
184 30 55 161 181 226 181 344 30 279 55 161 226 279 344
185 125 152 152 125
186 80 80
187 117 117
188 18 68 104 170 68 170 18 104
189 277 234 234 277
190 40 41 60 125 126 127 149 152 172 173 177 182 126 243 41 40 125 152 172 177 256 347 182 355 127 149 60 173 243 256 347 355
191 50 332 218 303 50 207 207 218 303 332
192 148 148
193 232 232
194 4 5 5 4 273 274 273 274
195 4 5 53 244 53 5 276 259 271 272 270 275 4 244 259 270 271 272 275 276
196 212 212
197 1 2 3 11 43 57 84 362 11 1 320 254 310 317 43 2 57 258 319 3 84 254 258 310 317 319 320 362
198 107 229 234 107 229 234
199 18 32 35 98 142 155 155 98 142 32 18 35
200 14 349 321 224 14 224 321 349
201 10 75 10 75
202 16 47 63 95 174 257 47 95 262 282 174 225 16 251 63 268 301 225 251 257 262 268 282 301
203 38 72 72 38
204 102 102
205 47 48 47 48 351 351
206 119 167 167 119
207 191 191
208 76 76
209 15 15
210 34 229 34 229
211 7 42 63 7 63 42
212 143 175 196 196 175 143
213 335 229 229 335
214 39 138 144 178 289 144 340 297 138 295 296 298 39 178 289 295 296 297 298 340
215 29 85 92 98 110 136 341 110 29 92 136 85 98 341
216 55 67 116 154 67 154 116 55
217 24 360 24 360
218 33 56 108 191 108 56 191 33 221 221
219 18 98 128 98 18 128
220 31 122 183 31 183 122
221 114 218 114 218 236 236
222 47 327 47 327
223 4 5 69 70 5 69 337 4 70 337
224 14 200 14 200 227 335 278 227 278 335
225 16 202 202 16
226 30 55 161 184 30 184 55 279 344 161 279 344
227 14 224 14 224
228 102 102
229 34 107 198 210 213 210 198 250 213 107 335 34 233 233 250 335
230 236 236
231 55 104 132 55 285 132 104 285
232 42 158 193 158 42 193 329 329
233 34 90 229 90 34 229
234 38 119 189 198 237 198 38 119 189 277 237 277
235 236 236
236 58 132 221 230 235 132 235 230 58 221
237 38 234 234 38
238 100 100 356 356
239 161 306 161 353 306 353
240 308 309 308 309
241 12 15 37 37 257 15 12 257
242 285 285
243 40 41 60 125 126 127 149 152 172 173 177 182 190 177 347 125 190 127 126 182 152 149 172 173 256 60 355 40 41 256 347 355
244 4 5 53 195 271 5 195 270 275 276 364 259 272 53 4 259 270 271 272 275 276 364
245 91 283 91 315 283 315
246 104 119 119 104
247 96 146 96 280 146 280
248 130 145 160 145 130 160
249 18 98 98 18
250 229 229
251 55 174 202 55 202 174
252 262 363 262 363
253 255 260 254 254 255 260
254 1 2 3 11 43 57 84 197 253 2 320 258 11 319 3 362 260 255 57 197 84 310 317 1 253 43 255 258 260 310 317 319 320 362
255 253 254 260 253 254 260
256 40 41 60 125 126 127 149 152 172 173 177 182 190 243 60 347 126 173 152 190 125 355 127 40 243 149 172 177 182 41 347 355
257 15 16 47 63 202 241 15 202 241 47 63 16
258 1 2 3 11 43 57 84 197 254 362 254 3 1 57 319 320 317 310 43 84 2 11 197 310 317 319 320 362
259 4 5 53 195 244 270 276 5 53 195 275 271 244 4 272 270 271 272 275 276
260 253 254 255 255 254 253
261 30 30
262 95 202 252 252 268 202 363 301 282 95 268 282 301 363
263 44 77 136 336 77 136 44 336
264 348 288 288 348
265 111 111
266 69 69
267 30 30 357 357
268 95 202 262 262 301 95 282 202 282 301
269 27 27
270 4 5 53 195 244 259 259 271 276 244 275 5 4 53 195 272 271 272 275 276
271 4 5 53 195 244 259 270 244 270 259 272 53 195 5 275 276 4 272 275 276
272 4 5 53 195 244 259 270 271 271 5 4 244 195 270 259 276 53 275 275 276
273 4 5 194 5 4 274 194 274
274 4 5 194 273 5 4 273 194
275 4 5 53 195 244 259 270 271 272 259 244 276 270 5 271 195 4 53 272 276
276 4 5 53 195 244 259 270 271 272 275 259 195 270 244 275 5 53 271 4 272
277 189 234 189 234
278 224 224
279 30 184 226 30 226 184
280 247 247
281 24 24
282 95 202 262 268 301 95 202 262 268 301
283 245 245 315 315
284 17 112 17 112
285 132 231 242 231 242 132
286 18 32 59 128 18 59 32 128
287 10 102 330 102 10 330
288 25 74 264 323 348 25 74 322 264 322 323 348
289 39 138 144 178 214 214 138 39 297 298 295 296 178 144 295 296 297 298
290 301 291 291 301
291 290 301 290 301
292 80 121 147 163 179 293 163 80 179 121 147 293
293 80 121 147 163 179 292 80 292 163 147 121 179
294 37 37
295 39 138 144 178 214 289 214 178 298 138 289 39 144 340 296 297 296 297 298 340
296 39 138 144 178 214 289 295 214 138 289 39 178 144 295 297 298 297 298
297 39 138 144 178 214 289 295 296 214 298 178 138 289 39 144 296 295 340 298 340
298 39 138 144 178 214 289 295 296 297 297 214 178 295 138 289 39 144 296
299 150 171 172 172 150 171
300 59 130 141 59 345 130 141 345
301 95 202 262 268 282 290 291 282 95 291 290 262 268 202
302 20 20
303 50 191 191 50
304 15 15
305 344 344
306 161 239 239 161 353 353
307 90 90
308 240 240 309 309
309 240 308 315 240 308 315
310 1 2 3 11 43 57 84 197 254 258 11 320 319 57 2 362 197 254 258 84 317 43 3 1 317 319 320 362
311 170 170
312 18 18
313 0 0
314 25 25
315 154 245 283 309 154 309 283 245
316 4 4
317 1 2 3 11 43 57 84 197 254 258 310 3 43 2 84 57 1 254 319 258 197 310 11 362 320 319 320 362
318 48 48
319 1 2 3 11 43 57 84 197 254 258 310 317 310 84 254 258 320 2 3 1 317 43 11 362 57 197 320 362
320 1 2 3 11 43 57 84 197 254 258 310 317 319 43 310 254 57 11 84 197 319 2 258 1 362 3 317 362
321 200 200
322 25 74 288 323 288 25 74 323
323 25 74 288 322 322 288 25 74
324 132 132
325 92 92
326 42 42
327 47 222 222 47
328 38 94 117 38 117 94
329 42 45 232 42 45 232
330 10 102 287 287 102 10
331 50 50
332 50 191 50 191
333 85 85
334 105 170 170 105
335 213 224 229 213 229 224
336 44 77 136 263 263 77 136 44
337 223 223
338 76 176 176 76
339 21 79 159 79 159 21
340 144 178 214 295 297 214 178 144 295 297
341 85 92 98 136 215 215 92 85 136 98
342 41 126 149 172 173 347 149 172 355 173 126 41 347 355
343 121 121
344 55 100 161 184 226 305 100 305 161 184 226 55
345 59 130 141 300 300 141 59 130
346 64 64
347 40 41 60 125 126 127 149 152 172 173 177 182 190 243 256 342 243 152 40 182 256 342 41 126 60 127 190 355 149 172 177 173 125 355
348 264 288 288 264
349 200 200
350 96 97 106 97 96 106
351 48 205 48 205
352 38 38
353 161 239 306 239 161 306
354 35 35 359 359
355 40 41 60 125 126 127 149 152 172 173 177 182 190 243 256 342 347 127 125 149 126 173 172 182 256 60 152 347 342 190 177 40 41 243
356 238 238
357 267 267
358 163 163
359 354 354
360 24 217 24 217
361 121 163 179 180 179 180 121 163
362 1 2 3 11 43 57 84 197 254 258 310 317 319 320 1 11 258 197 43 3 2 254 310 320 57 319 317 84
363 252 262 262 252
364 244 244
