0 226 173 200 182 260 173 182 200 226 260
1 90 88 173 24 24 88 90 173
2 290 101 101 290
3 192 174 23 171 22 20 87 8 8 20 22 23 87 171 174 192
4 15 232 171 157 309 50 204 78 323 80 211 15 50 78 80 157 171 204 211 232 309 323
5 91 23 23 91
6 164 110 110 164
7 47 210 52 47 52 210
8 3 163 174 37 58 186 240 223 270 73 3 37 58 73 163 174 186 223 240 270
9 36 239 36 239
10 231 231
11 16 16
12 40 40
13 212 193 60 201 89 52 53 155 244 197 52 53 60 89 155 193 197 201 212 244
14 75 75
15 4 80 4 263 211 78 171 157 78 80 157 171 211 263
16 11 29 120 180 119 11 269 29 119 120 180 269
17 113 112 292 71 141 71 112 113 141 292
18 19 19
19 18 18 20 20
20 3 19 145 192 157 30 87 166 72 247 174 144 3 137 23 91 142 22 317 195 19 64 22 23 30 64 72 87 91 137 142 144 145 157 166 174 192 195 247 317
21 37 37
22 3 20 87 174 192 177 171 3 20 87 171 174 177 192
23 3 5 20 3 91 5 20 91
24 1 88 89 40 173 1 40 88 89 173
25 281 127 75 85 75 85 127 281
26 224 202 202 224
27 188 196 108 326 108 188 196 326
28 42 42
29 16 119 269 16 180 119 180 269
30 20 321 20 288 248 221 322 69 284 320 137 308 317 157 219 237 69 137 157 219 221 237 248 284 288 308 317 320 321 322
31 132 262 141 252 67 159 67 132 141 159 252 262
32 258 225 207 319 217 207 217 225 258 319
33 48 48
34 272 55 36 189 169 250 36 55 169 189 250 272
35 238 206 210 206 210 238
36 9 34 184 175 9 34 239 272 175 184 239 272
37 8 21 186 240 8 21 186 240
38 42 42
39 41 48 76 41 48 76
40 12 24 24 55 12 89 294 55 89 294
41 39 45 76 39 82 57 55 48 45 48 55 57 76 82
42 28 38 38 28 304 44 179 44 179 304
43 314 291 290 160 160 290 291 314
44 42 249 179 42 179 249
45 41 41 55 55
46 49 49
47 7 7
48 33 39 41 160 76 33 39 41 51 124 121 51 76 121 124 160
49 46 46 109 234 208 103 138 56 279 93 84 59 56 59 84 93 103 109 138 208 234 279
50 4 4 204 204
51 48 198 124 196 98 160 48 98 124 160 196 198
52 7 13 53 7 74 193 13 138 210 217 89 161 168 121 53 74 89 121 138 161 168 193 210 217
53 13 52 74 52 13 89 193 74 89 193
54 238 61 61 238
55 34 40 41 45 34 179 92 189 41 57 40 45 57 92 179 189
56 49 120 49 109 63 63 109 120
57 41 55 41 55
58 8 270 8 270
59 49 233 49 233
60 13 155 13 155
61 54 54 238 238
62 177 97 97 177
63 56 233 120 56 120 233
64 20 247 20 247
65 285 134 299 298 66 66 134 285 298 299
66 65 285 299 298 134 65 134 285 298 299
67 31 31
68 287 287
69 30 284 320 237 322 219 288 30 321 221 219 221 237 284 288 320 321 322
70 96 86 86 96
71 17 17 292 292
72 20 20
73 8 223 8 223
74 52 53 53 52
75 14 25 25 14
76 39 41 48 235 234 48 41 295 39 234 235 295
77 222 305 192 192 222 305
78 4 15 80 15 4 211 157 80 157 211
79 115 111 318 111 115 318
80 4 15 78 78 15 157 211 81 4 81 157 211
81 80 80
82 41 41
83 105 105
84 49 208 49 208
85 25 25
86 70 209 203 70 203 209
87 3 20 22 22 20 174 145 202 3 192 199 289 145 174 192 199 202 289
88 1 24 24 173 1 89 89 173
89 13 24 40 52 53 88 244 201 212 197 24 13 88 53 261 52 40 193 193 197 201 212 244 261
90 1 139 1 139
91 5 20 23 204 178 259 23 5 20 163 163 178 204 259
92 55 55 179 179
93 49 49
94 125 126 127 128 130 125 126 127 128 130
95 187 205 170 170 187 205
96 70 70 209 300 209 300
97 62 62 236 236
98 51 216 175 51 198 202 175 198 202 216
99 306 105 293 183 149 122 105 122 149 183 293 306
100 133 133
101 2 2
102 252 252
103 49 49
104 213 191 253 191 213 253
105 83 99 293 99 183 206 153 123 149 152 306 307 154 83 122 122 123 149 152 153 154 183 206 293 306 307
106 310 134 134 310
107 114 114
108 27 27 326 326
109 49 56 49 110 56 147 110 147
110 6 109 109 147 6 147
111 79 114 318 79 206 181 115 114 115 181 206 318
112 17 17 113 151 141 113 141 151
113 17 112 17 112 151 141 141 151
114 107 111 111 158 107 115 115 158
115 79 111 114 79 181 111 114 318 181 318
116 172 170 296 280 170 172 280 296
117 240 240
118 243 243
119 16 29 29 268 180 16 269 185 180 185 268 269
120 16 56 63 63 56 16 241 267 148 148 241 267
121 48 52 168 208 48 52 168 208
122 99 105 306 183 293 251 99 149 105 149 183 251 293 306
123 105 105 206 307 206 307
124 48 51 51 160 48 160
125 94 128 94 126 127 126 127 128
126 94 125 128 94 125 133 167 255 127 127 128 133 167 255
127 25 94 125 126 128 281 25 94 126 125 128 281
128 94 125 126 127 125 126 127 94
129 132 254 132 254
130 94 94
131 192 132 311 278 243 328 132 192 243 278 311 328
132 31 129 131 31 328 252 131 129 254 252 254 328
133 100 126 100 255 126 255
134 65 66 106 285 66 106 65 299 298 192 192 285 298 299
135 196 136 136 196
136 135 135 196 196
137 20 30 157 317 20 30 157 317
138 49 52 52 217 49 227 217 227
139 90 90 203 140 140 203
140 139 203 139 203
141 17 31 112 113 31 112 17 113
142 20 20
143 146 146
144 20 20
145 20 87 20 202 87 202
146 143 143 192 192
147 109 110 110 109
148 120 120
149 99 105 122 293 105 306 183 99 122 183 293 306
150 242 242
151 112 113 113 112
152 105 266 153 154 105 265 153 154 265 266
153 105 152 105 152 154 154
154 105 152 153 152 153 105
155 13 60 60 13
156 287 194 194 287
157 4 15 20 30 78 80 137 137 20 80 4 211 15 30 78 317 211 317
158 114 114
159 31 31
160 43 48 51 124 48 314 291 51 124 43 291 314
161 52 52
162 283 283
163 8 91 223 8 259 91 223 259
164 6 6
165 218 230 226 218 226 230
166 20 20
167 126 126
168 52 121 121 52
169 34 303 250 229 34 256 229 250 256 303
170 95 116 205 95 116 296 171 280 171 205 280 296
171 3 4 15 22 170 3 4 22 15 170
172 116 116
173 0 1 24 88 200 88 0 283 1 220 24 226 182 213 182 200 213 220 226 283
174 3 8 20 22 87 3 22 87 20 192 8 192
175 36 98 36 98 202 202
176 246 234 234 246
177 22 62 22 62
178 91 91
179 42 44 55 92 55 44 92 42 304 304
180 16 29 119 119 29 16 269 269
181 111 115 115 111
182 0 173 200 0 226 173 200 226
183 99 105 122 149 105 122 306 99 149 293 293 306
184 36 36
185 119 119
186 8 37 37 8 240 240
187 95 95
188 27 27 196 196
189 34 55 55 34
190 294 294
191 104 104 253 253
192 3 20 22 77 87 131 134 146 174 3 305 20 131 22 174 87 146 134 77 305
193 13 52 53 89 13 52 53 89
194 156 275 156 228 228 275
195 20 20
196 27 51 135 136 188 135 208 51 27 136 188 198 198 208
197 13 89 89 13
198 51 98 196 208 51 98 196 208
199 87 87
200 0 173 182 173 182 226 0 226
201 13 89 89 13 244 212 212 244
202 26 87 98 145 175 145 87 26 98 175
203 86 139 140 86 140 139
204 4 50 91 91 4 50
205 95 170 170 95
206 35 105 111 123 105 35 307 215 111 123 215 307
207 32 32 217 217
208 49 84 121 196 198 84 198 49 196 121
209 86 96 96 86
210 7 35 52 7 52 238 35 238
211 4 15 78 80 157 15 157 80 263 78 4 263
212 13 89 201 244 13 89 201 244
213 104 173 104 214 255 301 220 173 214 220 255 301
214 213 301 213 255 255 301
215 206 206
216 98 98 217 217
217 32 52 138 207 216 231 264 138 52 32 216 207 231 264
218 165 165
219 30 69 320 237 69 284 322 221 321 30 288 221 237 284 288 320 321 322
220 173 213 173 297 213 297
221 30 69 219 284 30 322 288 321 69 219 320 237 237 284 288 320 321 322
222 77 275 77 276 275 276
223 8 73 163 73 163 273 312 257 8 257 273 312
224 26 26
225 32 32 258 258
226 0 165 173 182 200 0 200 182 165 173
227 138 138
228 194 277 194 277
229 169 256 169 256
230 165 274 325 165 274 325
231 10 217 10 217 264 264
232 4 4 309 309
233 59 63 63 59
234 49 76 176 76 245 49 246 176 245 246
235 76 76
236 97 97
237 30 69 219 221 219 69 321 322 284 288 320 221 30 284 288 320 321 322
238 35 54 61 210 35 54 61 210
239 9 36 36 9
240 8 37 117 186 117 37 8 242 186 242
241 120 120
242 150 240 240 150
243 118 131 131 118
244 13 89 201 212 212 89 201 13
245 234 234
246 176 234 176 234
247 20 64 64 20
248 30 30
249 44 44
250 34 169 169 34
251 122 122
252 31 102 132 132 102 31
253 104 191 104 191
254 129 132 129 132
255 126 133 213 214 133 282 271 214 213 126 271 282
256 169 229 229 303 169 303
257 223 273 223 312 273 312
258 32 225 32 225
259 91 163 163 91
260 0 0
261 89 89
262 31 31
263 15 211 15 211
264 217 231 217 231
265 152 266 152 266
266 152 265 152 265
267 120 120
268 119 119
269 16 29 119 180 29 119 180 16
270 8 58 58 8
271 255 255
272 34 36 34 36
273 223 257 223 312 257 312
274 230 230 324 302 302 324
275 194 222 222 194 276 276
276 222 275 222 275
277 228 228
278 131 311 131 315 311 315
279 49 49
280 116 170 296 116 170 296
281 25 127 25 127
282 255 255
283 162 173 162 173
284 30 69 219 221 237 69 221 322 219 288 30 237 321 320 288 320 321 322
285 65 66 134 66 65 134 298 299 298 299
286 316 309 309 316
287 68 156 156 68
288 30 69 219 221 237 284 322 320 30 321 284 69 221 237 219 320 321 322
289 87 87
290 2 43 2 43
291 43 160 43 160
292 17 71 17 71
293 99 105 122 149 183 105 306 149 99 122 183 306
294 40 190 190 40
295 76 76
296 116 170 280 280 116 170
297 220 220
298 65 66 134 285 66 299 285 65 134 299
299 65 66 134 285 298 66 298 65 134 285
300 96 96
301 213 214 214 213
302 274 274 324 324
303 169 256 256 169
304 42 179 42 179
305 77 192 192 77
306 99 105 122 149 183 293 99 122 293 183 149 105
307 105 123 206 206 105 123
308 30 30
309 4 232 286 232 4 313 286 327 313 327
310 106 106
311 131 278 278 131
312 223 257 273 273 223 257
313 309 327 309 327
314 43 160 43 160
315 278 278
316 286 286
317 20 30 137 157 137 20 30 157
318 79 111 115 111 79 115
319 32 32
320 30 69 219 221 237 284 288 219 69 288 322 321 30 237 221 284 321 322
321 30 69 219 221 237 284 288 320 30 237 322 288 320 221 69 284 219 322
322 30 69 219 221 237 284 288 320 321 69 288 284 237 321 320 221 30 219
323 4 4
324 274 302 274 302
325 230 230
326 27 108 27 108
327 309 313 313 309
328 131 132 132 131
