1685 107 907 916 921 932 953 967 978 980 993 1017 1026 1048 1056 1059 1074 1079 1126 1146 1156 1164 1180 1184 1185 1199 1205 1230 1250 1269 1272 1312 1329 1330 1331 1334 1341 1344 1352 1367 1376 1377 1380 1391 1407 1409 1431 1447 1467 1483 1517 1520 1522 1528 1535 1551 1557 1570 1589 1600 1603 1604 1605 1610 1612 1613 1621 1622 1669 1675 1707 1722 1730 1734 1736 1741 1746 1753 1768 1771 1775 1799 1800 1804 1809 1813 1833 1835 1839 1845 1861 1879 1888 1902 
1331 107 897 916 932 946 953 960 966 978 980 982 983 995 997 1003 1004 1006 1017 1039 1040 1048 1068 1074 1076 1078 1079 1083 1107 1116 1117 1126 1132 1153 1156 1160 1163 1172 1173 1175 1180 1184 1185 1191 1199 1201 1205 1209 1211 1220 1222 1230 1238 1256 1269 1271 1280 1287 1288 1293 1302 1329 1330 1339 1341 1352 1361 1367 1370 1376 1377 1380 1388 1390 1393 1399 1402 1409 1420 1431 1447 1456 1457 1470 1471 1483 1484 1488 1509 1516 1522 1530 1539 1547 1551 1559 1584 1589 1598 1603 1605 1608 1610 1612 1613 1617 1619 1620 1622 1623 1632 1652 1662 1663 1665 1685 1707 1714 1721 1722 1730 1736 1741 1746 1754 1768 1789 1793 1800 1804 1809 1816 1823 1826 1827 1835 1839 1843 1845 1849 1861 1864 1867 1868 1879 1888 1902 
1613 107 916 921 953 960 978 980 993 997 1003 1006 1026 1040 1048 1059 1068 1076 1079 1107 1117 1126 1132 1146 1163 1172 1173 1184 1185 1191 1199 1211 1222 1238 1250 1256 1269 1271 1272 1293 1302 1312 1329 1330 1331 1334 1339 1352 1367 1376 1377 1388 1390 1391 1402 1409 1420 1431 1447 1456 1467 1471 1483 1509 1516 1517 1520 1522 1528 1530 1547 1557 1559 1570 1584 1589 1598 1603 1604 1608 1610 1612 1617 1620 1621 1622 1623 1632 1652 1662 1663 1665 1669 1675 1685 1707 1714 1721 1730 1734 1736 1746 1753 1768 1789 1793 1799 1800 1804 1809 1813 1816 1823 1827 1833 1835 1849 1861 1867 1868 1879 1888 1902 
1789 107 960 966 1003 1004 1006 1059 1078 1083 1107 1132 1153 1156 1163 1175 1180 1184 1185 1199 1209 1250 1256 1331 1339 1341 1344 1367 1376 1380 1390 1391 1431 1456 1471 1488 1516 1539 1547 1557 1559 1584 1598 1600 1604 1610 1612 1613 1617 1620 1621 1622 1632 1652 1662 1663 1665 1707 1714 1736 1746 1799 1800 1804 1827 1833 1861 1867 1879 1888 
1269 107 916 921 932 978 980 982 993 1017 1048 1059 1074 1107 1116 1126 1132 1146 1153 1175 1184 1185 1199 1211 1230 1302 1312 1329 1331 1334 1352 1367 1376 1377 1388 1391 1399 1409 1420 1431 1456 1467 1471 1484 1509 1516 1522 1528 1547 1557 1559 1570 1584 1589 1600 1603 1608 1610 1612 1613 1617 1621 1622 1623 1663 1669 1675 1685 1714 1721 1730 1736 1746 1753 1754 1768 1799 1800 1804 1816 1823 1827 1833 1835 1845 1864 1879 1888 
1146 107 921 946 967 978 980 993 997 1004 1026 1048 1059 1076 1078 1079 1117 1126 1160 1164 1172 1173 1175 1184 1185 1199 1205 1209 1222 1230 1238 1250 1269 1293 1302 1329 1334 1344 1352 1367 1376 1377 1390 1391 1399 1420 1431 1467 1471 1509 1520 1522 1528 1539 1547 1551 1557 1559 1570 1584 1589 1600 1603 1608 1610 1612 1613 1619 1620 1621 1622 1662 1663 1669 1675 1685 1714 1721 1730 1734 1741 1746 1753 1768 1793 1799 1800 1813 1823 1827 1833 1835 1861 1867 1879 1888 
1302 107 916 932 946 960 966 982 993 1004 1006 1017 1059 1078 1083 1107 1117 1126 1132 1146 1153 1175 1185 1199 1211 1238 1256 1269 1271 1329 1331 1352 1367 1370 1376 1377 1390 1391 1399 1431 1456 1467 1471 1488 1516 1517 1557 1584 1589 1598 1603 1604 1610 1612 1613 1617 1619 1621 1622 1663 1665 1669 1707 1714 1736 1746 1768 1799 1800 1804 1816 1823 1826 1827 1833 1835 1839 1888 
1775 107 932 980 1026 1685 1730 1734 1845 
1833 107 921 946 960 966 967 978 980 982 983 993 1004 1006 1017 1059 1076 1078 1079 1083 1107 1117 1126 1132 1146 1153 1156 1163 1172 1175 1184 1185 1191 1199 1211 1230 1238 1250 1256 1269 1271 1272 1287 1288 1302 1312 1329 1330 1334 1339 1341 1352 1361 1367 1370 1376 1377 1390 1391 1399 1402 1420 1431 1456 1457 1467 1471 1488 1509 1516 1520 1522 1530 1547 1551 1557 1559 1570 1584 1589 1598 1603 1608 1610 1612 1613 1617 1619 1620 1621 1622 1623 1632 1662 1663 1665 1669 1675 1685 1707 1714 1721 1730 1734 1736 1741 1746 1753 1768 1789 1793 1799 1800 1804 1809 1813 1823 1827 1835 1839 1849 1867 1879 1888 1902 
1771 107 1250 1339 1344 1390 1685 1730 1800 1827 1867 
1078 107 916 921 946 953 960 966 980 982 983 1004 1006 1017 1040 1056 1059 1074 1076 1079 1083 1107 1117 1126 1132 1146 1153 1156 1160 1163 1172 1173 1175 1184 1185 1191 1199 1211 1222 1230 1238 1250 1256 1271 1272 1287 1288 1302 1329 1330 1331 1339 1341 1352 1361 1367 1370 1376 1377 1380 1390 1391 1393 1399 1409 1420 1431 1447 1456 1457 1467 1471 1488 1516 1520 1522 1530 1547 1551 1559 1584 1589 1598 1600 1603 1604 1608 1612 1617 1619 1620 1621 1662 1663 1665 1669 1675 1707 1714 1721 1730 1736 1741 1746 1753 1768 1789 1793 1799 1800 1804 1809 1813 1816 1823 1826 1833 1835 1839 1843 1845 1849 1861 1864 1867 1868 1879 1888 1902 
1079 107 916 946 980 993 1003 1004 1059 1076 1078 1107 1117 1126 1132 1146 1184 1185 1199 1209 1211 1250 1329 1331 1339 1344 1352 1367 1377 1390 1391 1399 1431 1447 1471 1516 1522 1530 1539 1547 1551 1557 1584 1589 1600 1608 1610 1612 1613 1621 1622 1623 1652 1662 1663 1685 1707 1714 1721 1730 1734 1736 1741 1746 1768 1793 1800 1804 1813 1816 1827 1833 1835 1839 1849 1867 1879 1888 
1076 107 916 946 967 978 993 1003 1004 1017 1059 1078 1079 1083 1126 1132 1146 1156 1163 1175 1184 1185 1199 1211 1222 1250 1256 1329 1330 1331 1339 1341 1344 1352 1361 1367 1376 1377 1390 1391 1399 1420 1431 1447 1467 1509 1516 1520 1522 1530 1539 1551 1557 1559 1584 1589 1600 1605 1610 1612 1613 1617 1621 1622 1623 1632 1652 1662 1663 1669 1675 1714 1721 1736 1741 1746 1753 1768 1799 1800 1804 1813 1816 1827 1833 1835 1839 1849 1861 1867 1879 1888 
1074 107 897 932 980 995 1017 1048 1078 1107 1116 1173 1185 1191 1199 1211 1222 1230 1269 1329 1331 1341 1376 1393 1399 1407 1409 1470 1483 1522 1551 1570 1617 1620 1662 1685 1707 1730 1736 1754 1768 1793 1813 1839 1845 1849 1861 1864 1888 1902 
1839 107 916 946 960 966 978 980 982 983 993 1006 1017 1059 1068 1074 1076 1078 1079 1083 1107 1117 1126 1132 1153 1156 1163 1172 1184 1191 1199 1205 1211 1222 1230 1238 1250 1256 1272 1280 1288 1302 1330 1331 1339 1341 1352 1361 1367 1370 1376 1377 1380 1390 1391 1399 1402 1409 1420 1431 1447 1456 1457 1467 1471 1488 1509 1516 1522 1530 1539 1547 1551 1559 1570 1584 1589 1598 1603 1604 1605 1608 1610 1612 1619 1621 1622 1662 1663 1665 1685 1707 1714 1730 1736 1746 1793 1799 1800 1804 1809 1813 1816 1823 1826 1827 1833 1835 1845 1849 1864 1879 1888 1902 
1370 107 916 932 946 953 960 966 982 983 1006 1017 1040 1059 1068 1078 1083 1107 1117 1126 1132 1153 1156 1163 1199 1211 1238 1256 1271 1287 1288 1302 1330 1331 1341 1380 1388 1390 1391 1399 1409 1431 1447 1456 1457 1471 1483 1488 1516 1517 1522 1547 1559 1584 1589 1598 1600 1604 1605 1610 1612 1617 1619 1622 1662 1663 1665 1707 1714 1736 1741 1746 1793 1800 1804 1809 1816 1823 1826 1827 1833 1839 1849 1868 1879 1888 1902 
1377 107 921 946 953 967 978 980 993 995 997 1026 1048 1056 1059 1076 1078 1079 1117 1126 1132 1146 1153 1156 1160 1164 1173 1175 1180 1185 1191 1199 1201 1205 1211 1222 1230 1238 1256 1269 1302 1329 1330 1331 1334 1341 1352 1361 1367 1376 1388 1391 1399 1409 1420 1431 1447 1467 1470 1471 1483 1488 1509 1516 1520 1522 1528 1535 1539 1551 1557 1559 1570 1584 1589 1598 1600 1603 1604 1608 1610 1612 1613 1617 1620 1621 1622 1623 1662 1663 1669 1675 1685 1707 1714 1721 1730 1741 1746 1753 1768 1793 1799 1800 1804 1813 1816 1823 1827 1833 1835 1839 1843 1861 1864 1867 1868 1879 1888 1902 
1376 107 897 916 921 946 967 978 980 993 1003 1006 1026 1048 1059 1074 1076 1078 1126 1132 1146 1153 1172 1175 1184 1185 1191 1199 1209 1211 1230 1238 1250 1269 1272 1293 1302 1312 1329 1331 1334 1341 1344 1352 1361 1367 1377 1390 1391 1393 1399 1420 1431 1447 1467 1471 1509 1516 1520 1522 1528 1539 1547 1551 1557 1559 1570 1584 1589 1600 1603 1608 1610 1612 1613 1617 1621 1622 1623 1632 1662 1663 1669 1675 1685 1707 1714 1721 1730 1736 1741 1746 1753 1768 1789 1793 1799 1800 1804 1813 1816 1823 1826 1827 1833 1835 1839 1864 1867 1879 1888 1902 
932 107 953 980 982 995 997 1026 1056 1074 1107 1156 1172 1173 1191 1205 1211 1238 1256 1269 1302 1329 1330 1331 1370 1388 1399 1409 1420 1447 1483 1488 1509 1517 1535 1589 1604 1605 1620 1622 1663 1665 1669 1675 1685 1722 1730 1734 1741 1754 1775 1813 1827 1843 1845 1864 1902 
1467 107 897 921 946 967 980 993 1004 1017 1048 1059 1076 1078 1107 1126 1132 1146 1175 1185 1199 1211 1269 1272 1302 1312 1329 1334 1339 1341 1352 1376 1377 1390 1391 1399 1420 1431 1488 1509 1516 1520 1522 1528 1539 1551 1559 1584 1589 1598 1603 1612 1613 1617 1621 1623 1662 1663 1669 1685 1707 1714 1730 1734 1746 1768 1799 1800 1804 1823 1827 1833 1835 1839 1843 1867 1888 
1517 107 932 953 995 997 1026 1156 1172 1173 1191 1205 1238 1302 1370 1399 1409 1447 1483 1509 1604 1610 1613 1622 1663 1665 1685 1722 1730 1741 1813 1827 1845 
995 107 897 921 932 953 980 997 1074 1083 1160 1173 1180 1201 1205 1238 1271 1280 1330 1331 1334 1352 1361 1377 1388 1409 1431 1447 1470 1483 1488 1517 1535 1551 1559 1570 1620 1665 1722 1730 1741 1768 1809 1813 1826 1861 1868 
1799 107 897 916 946 960 966 993 1003 1004 1006 1017 1059 1076 1078 1083 1107 1126 1132 1146 1156 1184 1185 1199 1211 1250 1269 1272 1287 1302 1329 1339 1341 1344 1352 1367 1376 1377 1390 1391 1399 1420 1431 1467 1471 1509 1516 1520 1522 1557 1559 1584 1589 1603 1610 1612 1613 1617 1621 1622 1623 1632 1662 1663 1665 1669 1685 1707 1714 1721 1730 1736 1746 1753 1768 1789 1800 1804 1813 1816 1823 1826 1827 1833 1835 1839 1845 1849 1867 1879 1888 
1312 107 897 916 921 946 967 980 993 1026 1059 1175 1185 1269 1272 1329 1352 1361 1367 1376 1391 1420 1431 1467 1520 1522 1557 1570 1584 1589 1603 1612 1613 1617 1621 1622 1663 1675 1685 1714 1730 1734 1736 1768 1793 1827 1833 1835 1864 1879 1888 
993 107 916 921 946 953 967 978 980 1006 1026 1048 1059 1076 1079 1117 1126 1146 1172 1175 1184 1185 1191 1199 1205 1209 1211 1256 1269 1287 1302 1312 1329 1330 1341 1352 1361 1376 1377 1390 1391 1399 1407 1409 1420 1431 1447 1467 1470 1471 1484 1509 1516 1522 1530 1535 1539 1551 1557 1559 1584 1589 1598 1600 1603 1604 1608 1612 1613 1617 1620 1621 1622 1632 1662 1663 1669 1675 1685 1714 1721 1730 1734 1746 1753 1768 1793 1799 1800 1804 1813 1823 1827 1833 1835 1839 1849 1864 1867 1888 1902 
1793 107 916 921 946 953 960 966 978 980 983 993 997 1006 1017 1026 1040 1056 1059 1068 1074 1078 1079 1107 1117 1126 1132 1146 1153 1160 1172 1173 1180 1184 1199 1205 1211 1222 1230 1238 1250 1271 1272 1280 1312 1331 1334 1352 1361 1367 1370 1376 1377 1388 1390 1391 1393 1399 1431 1447 1456 1471 1483 1488 1516 1520 1530 1535 1547 1551 1557 1559 1584 1589 1598 1603 1604 1610 1613 1617 1619 1621 1622 1663 1665 1669 1707 1714 1730 1736 1746 1768 1800 1804 1809 1816 1823 1827 1833 1835 1839 1845 1864 1867 1868 1879 1888 
1156 107 916 932 953 960 983 1006 1017 1026 1068 1076 1078 1107 1126 1132 1153 1172 1173 1175 1199 1211 1230 1238 1256 1271 1288 1331 1352 1370 1377 1388 1390 1391 1399 1431 1447 1456 1470 1483 1488 1517 1520 1551 1557 1570 1584 1589 1603 1604 1605 1610 1612 1619 1622 1632 1652 1665 1669 1685 1707 1722 1730 1736 1746 1789 1799 1800 1804 1809 1816 1823 1826 1833 1839 1845 1868 1888 
966 107 916 946 960 978 982 983 1006 1017 1040 1078 1083 1107 1117 1126 1132 1153 1163 1172 1184 1185 1191 1199 1211 1222 1230 1238 1256 1271 1288 1302 1330 1331 1341 1352 1361 1367 1370 1380 1390 1399 1431 1456 1457 1471 1488 1516 1522 1547 1559 1584 1589 1605 1610 1619 1621 1652 1662 1663 1665 1707 1714 1721 1730 1736 1746 1789 1793 1799 1800 1804 1809 1813 1816 1823 1826 1827 1833 1839 1849 1864 1868 1879 1888 1902 
1153 107 916 946 960 966 982 983 997 1006 1017 1040 1068 1078 1083 1107 1117 1126 1132 1156 1160 1163 1172 1173 1175 1184 1185 1199 1201 1205 1230 1238 1256 1269 1271 1280 1287 1288 1302 1330 1331 1341 1352 1370 1376 1377 1380 1388 1390 1391 1399 1402 1431 1447 1456 1457 1470 1471 1483 1488 1516 1522 1547 1559 1584 1589 1598 1600 1604 1605 1610 1617 1619 1620 1621 1622 1652 1662 1663 1665 1669 1707 1714 1730 1736 1741 1746 1768 1789 1793 1800 1804 1809 1816 1823 1826 1833 1839 1845 1849 1868 1879 1888 1902 
967 107 897 916 921 946 980 993 1003 1026 1048 1076 1126 1146 1175 1230 1238 1250 1272 1293 1312 1329 1334 1352 1361 1367 1376 1377 1390 1402 1420 1431 1467 1484 1509 1516 1520 1522 1528 1557 1559 1570 1584 1589 1603 1604 1621 1622 1663 1675 1685 1721 1730 1734 1753 1768 1800 1813 1827 1833 1835 1843 1845 1867 1888 
1551 107 916 921 953 960 978 980 993 995 997 1006 1017 1039 1048 1056 1059 1074 1076 1078 1079 1083 1107 1117 1126 1132 1146 1156 1160 1172 1173 1180 1184 1191 1199 1201 1205 1211 1222 1230 1238 1256 1272 1280 1329 1330 1331 1334 1341 1352 1361 1367 1376 1377 1388 1390 1391 1393 1399 1407 1409 1420 1431 1447 1467 1470 1471 1483 1509 1516 1520 1522 1535 1539 1547 1559 1570 1584 1589 1603 1604 1608 1610 1612 1617 1621 1623 1662 1663 1669 1675 1685 1707 1714 1721 1730 1734 1736 1746 1753 1754 1768 1793 1800 1804 1809 1813 1826 1827 1833 1835 1839 1843 1845 1849 1861 1864 1867 1868 1879 1888 1902 
1068 107 960 1153 1156 1160 1163 1211 1238 1256 1271 1280 1331 1370 1390 1456 1457 1488 1598 1604 1613 1619 1620 1622 1662 1665 1707 1736 1768 1793 1809 1823 1839 1849 1888 
916 107 946 960 966 967 978 982 983 993 1004 1006 1017 1026 1040 1076 1078 1079 1153 1156 1163 1172 1175 1184 1191 1199 1211 1222 1230 1238 1250 1256 1269 1271 1280 1287 1288 1293 1302 1312 1329 1330 1331 1361 1370 1376 1380 1390 1399 1402 1409 1431 1456 1471 1483 1509 1516 1522 1530 1547 1551 1557 1559 1584 1589 1598 1605 1610 1612 1613 1617 1619 1621 1622 1623 1632 1662 1663 1665 1685 1707 1730 1736 1746 1753 1754 1768 1793 1799 1800 1804 1809 1823 1827 1835 1839 1849 1861 1864 1868 1879 1888 1902 
1557 107 916 921 946 967 978 980 993 1003 1004 1017 1026 1048 1059 1076 1079 1126 1146 1156 1164 1173 1175 1184 1185 1199 1209 1222 1230 1250 1269 1287 1293 1302 1312 1329 1339 1344 1352 1361 1367 1376 1377 1390 1391 1393 1399 1407 1420 1431 1456 1488 1516 1520 1522 1528 1539 1559 1584 1589 1598 1600 1603 1612 1613 1617 1620 1621 1622 1623 1632 1662 1663 1669 1685 1707 1721 1730 1734 1736 1746 1754 1768 1789 1793 1799 1800 1823 1827 1833 1835 1845 1861 1864 1867 1879 1888 
1707 107 916 946 953 960 966 978 980 983 1003 1004 1006 1017 1039 1040 1059 1068 1074 1078 1079 1083 1107 1117 1126 1132 1153 1156 1160 1163 1172 1173 1175 1184 1185 1191 1199 1205 1211 1222 1230 1238 1250 1256 1271 1280 1288 1293 1302 1330 1331 1339 1341 1352 1361 1367 1370 1376 1377 1380 1388 1390 1391 1393 1399 1402 1409 1420 1447 1456 1457 1467 1471 1483 1488 1516 1520 1522 1530 1547 1551 1557 1584 1589 1598 1603 1604 1605 1608 1610 1612 1613 1617 1619 1620 1621 1622 1623 1632 1662 1663 1665 1669 1685 1714 1721 1722 1730 1736 1741 1746 1754 1768 1789 1793 1799 1800 1804 1809 1816 1823 1826 1827 1833 1839 1845 1849 1864 1868 1879 1888 1902 
1559 107 916 946 953 960 966 967 978 980 993 995 997 1003 1004 1006 1026 1048 1056 1059 1076 1078 1083 1107 1117 1126 1132 1146 1153 1160 1163 1172 1173 1175 1184 1185 1191 1199 1205 1211 1222 1230 1238 1250 1256 1269 1271 1272 1287 1329 1330 1331 1334 1341 1352 1361 1370 1376 1377 1391 1399 1402 1409 1420 1431 1447 1456 1467 1470 1471 1488 1509 1516 1520 1522 1528 1530 1535 1539 1547 1551 1557 1570 1584 1589 1598 1603 1604 1608 1610 1612 1613 1621 1622 1662 1663 1665 1669 1675 1714 1730 1736 1741 1746 1753 1768 1789 1793 1799 1800 1804 1809 1813 1816 1823 1826 1827 1833 1835 1839 1843 1849 1861 1864 1868 1879 1888 1902 
1407 107 921 993 1048 1074 1107 1191 1199 1209 1230 1329 1393 1528 1551 1557 1620 1663 1685 1730 1753 1754 1768 1864 
1827 107 916 921 932 946 960 966 967 978 980 993 1003 1004 1006 1017 1026 1048 1059 1076 1079 1107 1116 1117 1126 1132 1146 1175 1184 1185 1191 1199 1209 1211 1220 1222 1230 1250 1269 1287 1302 1312 1329 1331 1334 1339 1341 1344 1352 1367 1370 1376 1377 1390 1391 1399 1402 1409 1420 1431 1447 1467 1471 1488 1509 1516 1517 1520 1522 1528 1530 1539 1547 1551 1557 1559 1584 1589 1600 1603 1608 1610 1612 1613 1617 1620 1621 1622 1623 1632 1652 1662 1663 1669 1707 1714 1721 1730 1736 1741 1746 1753 1768 1771 1789 1793 1799 1800 1804 1813 1816 1823 1833 1835 1839 1843 1845 1849 1861 1864 1867 1879 1888 1902 
1826 107 921 946 953 966 995 1006 1017 1078 1083 1117 1126 1132 1153 1156 1160 1163 1173 1180 1184 1185 1199 1205 1211 1230 1238 1256 1271 1287 1288 1293 1302 1330 1331 1339 1341 1352 1367 1370 1376 1380 1391 1399 1402 1431 1447 1456 1457 1470 1471 1483 1488 1516 1522 1530 1547 1551 1559 1584 1598 1604 1605 1610 1612 1617 1619 1621 1623 1663 1665 1707 1714 1722 1730 1741 1746 1799 1800 1809 1813 1816 1823 1839 1868 1879 1888 
1823 107 916 921 946 960 966 980 993 1006 1017 1040 1059 1068 1078 1107 1126 1146 1153 1156 1172 1175 1184 1185 1191 1199 1211 1269 1272 1287 1302 1329 1330 1331 1334 1341 1352 1367 1370 1376 1377 1390 1391 1399 1402 1420 1431 1467 1471 1488 1509 1516 1522 1530 1547 1557 1559 1570 1584 1589 1598 1603 1608 1612 1613 1619 1620 1621 1622 1632 1662 1663 1669 1707 1714 1730 1736 1741 1746 1768 1793 1799 1800 1804 1826 1827 1833 1835 1839 1849 1879 1888 1902 
1388 107 897 932 960 995 997 1006 1039 1107 1117 1153 1156 1160 1172 1173 1180 1191 1201 1205 1230 1238 1256 1269 1280 1288 1329 1330 1331 1361 1370 1377 1380 1391 1393 1399 1402 1409 1447 1456 1470 1483 1520 1522 1535 1551 1589 1598 1604 1605 1612 1613 1620 1622 1662 1663 1665 1707 1714 1722 1730 1736 1741 1754 1768 1793 1809 1813 1835 1845 1849 1864 1868 1888 1902 
1669 107 921 932 978 980 993 997 1017 1026 1048 1056 1059 1076 1078 1107 1126 1146 1153 1156 1160 1173 1184 1185 1191 1199 1205 1211 1222 1230 1269 1272 1302 1329 1330 1334 1344 1352 1361 1367 1376 1377 1391 1399 1409 1420 1431 1447 1467 1470 1483 1509 1516 1520 1522 1528 1530 1535 1539 1551 1557 1559 1570 1584 1589 1600 1603 1604 1608 1610 1612 1613 1617 1621 1622 1662 1663 1675 1685 1707 1714 1730 1734 1741 1746 1753 1768 1793 1799 1800 1804 1813 1823 1827 1833 1835 1845 1861 1888 1902 
921 107 967 980 993 995 1026 1048 1059 1078 1126 1146 1164 1185 1199 1222 1230 1269 1272 1312 1329 1334 1341 1352 1361 1367 1376 1377 1390 1391 1393 1399 1407 1420 1431 1467 1471 1509 1516 1520 1522 1535 1551 1557 1570 1584 1589 1603 1608 1612 1613 1621 1622 1663 1669 1675 1685 1714 1730 1734 1753 1768 1793 1813 1823 1826 1827 1833 1835 1845 1864 1888 
1665 107 916 932 953 960 966 983 995 997 1006 1017 1040 1059 1068 1078 1083 1107 1117 1126 1132 1153 1156 1160 1163 1172 1173 1180 1184 1199 1211 1238 1256 1271 1288 1302 1330 1331 1341 1352 1367 1370 1380 1388 1390 1391 1399 1402 1409 1420 1431 1447 1456 1457 1483 1488 1516 1517 1547 1559 1584 1589 1598 1604 1605 1610 1613 1619 1620 1632 1652 1662 1663 1707 1714 1730 1736 1741 1746 1789 1793 1799 1800 1804 1809 1813 1816 1826 1833 1839 1845 1849 1867 1868 1879 1888 1902 
1380 107 916 966 982 983 1003 1006 1017 1040 1059 1078 1083 1107 1117 1126 1132 1153 1160 1163 1175 1199 1211 1238 1250 1256 1271 1288 1331 1341 1352 1367 1370 1388 1390 1391 1399 1402 1420 1431 1447 1456 1457 1488 1516 1522 1547 1570 1584 1598 1600 1604 1605 1610 1619 1621 1622 1623 1662 1665 1685 1707 1714 1730 1741 1746 1789 1800 1809 1816 1826 1839 1868 1879 1888 
1662 107 916 946 953 966 978 980 983 993 1003 1004 1006 1017 1040 1059 1068 1074 1076 1078 1079 1083 1107 1117 1126 1132 1146 1153 1160 1172 1175 1184 1185 1199 1211 1222 1230 1238 1250 1256 1272 1280 1293 1329 1331 1352 1361 1370 1376 1377 1380 1388 1390 1391 1399 1431 1447 1456 1467 1471 1488 1516 1520 1530 1547 1551 1557 1559 1584 1589 1598 1603 1604 1610 1612 1613 1617 1619 1621 1622 1623 1652 1665 1669 1707 1714 1730 1736 1746 1768 1789 1799 1800 1804 1809 1816 1823 1827 1833 1835 1839 1845 1864 1879 1888 
1083 107 897 946 953 960 966 982 983 995 997 1006 1040 1076 1078 1107 1126 1132 1153 1160 1163 1172 1180 1184 1185 1199 1205 1211 1238 1256 1271 1280 1288 1302 1330 1331 1352 1370 1380 1390 1391 1399 1402 1431 1447 1456 1457 1470 1471 1483 1488 1547 1551 1559 1589 1598 1604 1605 1610 1612 1619 1621 1652 1662 1663 1665 1707 1714 1722 1736 1741 1746 1789 1799 1800 1804 1809 1816 1826 1833 1839 1868 1888 1902 
982 107 916 932 960 966 983 1006 1017 1040 1056 1078 1083 1126 1132 1153 1163 1199 1211 1256 1269 1271 1288 1302 1331 1370 1380 1390 1391 1399 1409 1456 1457 1488 1516 1522 1547 1589 1598 1604 1610 1619 1663 1714 1730 1736 1754 1800 1809 1833 1839 1845 1864 1888 
983 107 916 966 982 1006 1040 1078 1083 1107 1153 1156 1163 1199 1211 1238 1256 1271 1288 1331 1341 1370 1380 1390 1399 1402 1409 1456 1457 1488 1547 1619 1662 1665 1707 1736 1793 1809 1833 1839 1845 1849 1864 1868 1879 1888 
980 107 907 921 932 967 978 993 995 1017 1026 1048 1074 1078 1079 1116 1126 1146 1164 1175 1185 1191 1199 1209 1211 1222 1230 1269 1272 1312 1329 1331 1334 1344 1352 1361 1367 1376 1377 1393 1399 1431 1467 1484 1516 1520 1547 1551 1557 1559 1570 1584 1589 1603 1608 1610 1612 1613 1621 1622 1632 1662 1663 1669 1675 1685 1707 1714 1721 1730 1734 1746 1753 1768 1775 1793 1800 1804 1813 1823 1827 1833 1835 1839 1845 1861 1879 1888 1902 
1329 107 897 916 921 932 967 978 980 993 1048 1056 1059 1074 1076 1078 1079 1116 1117 1126 1146 1164 1173 1175 1185 1191 1199 1201 1205 1230 1269 1272 1287 1302 1312 1331 1334 1352 1376 1377 1388 1391 1393 1407 1409 1420 1431 1467 1471 1509 1516 1522 1528 1539 1551 1557 1559 1570 1584 1589 1600 1603 1608 1612 1613 1617 1620 1621 1662 1663 1669 1675 1685 1714 1730 1734 1746 1753 1754 1768 1799 1800 1804 1813 1823 1827 1833 1835 1843 1845 1861 1864 1868 1888 1902 
1126 107 921 946 960 966 967 978 980 982 993 1003 1006 1017 1048 1059 1076 1078 1079 1083 1107 1117 1132 1146 1153 1156 1163 1173 1175 1184 1185 1191 1199 1201 1211 1222 1250 1256 1269 1271 1272 1280 1288 1302 1329 1330 1331 1339 1341 1344 1352 1361 1367 1370 1376 1377 1380 1390 1391 1399 1402 1420 1431 1447 1456 1467 1470 1471 1488 1509 1516 1520 1522 1535 1539 1547 1551 1557 1559 1584 1589 1598 1603 1604 1605 1608 1610 1612 1613 1617 1619 1621 1622 1623 1662 1663 1665 1669 1675 1685 1707 1714 1721 1730 1736 1741 1746 1753 1754 1768 1793 1799 1800 1804 1809 1813 1816 1823 1826 1827 1833 1835 1839 1843 1849 1867 1868 1879 1888 1902 
1399 107 916 921 932 946 960 966 978 980 982 983 993 1004 1006 1017 1048 1059 1074 1076 1078 1079 1083 1107 1117 1126 1132 1146 1153 1156 1163 1172 1184 1185 1191 1199 1211 1222 1230 1250 1256 1269 1271 1287 1288 1302 1330 1331 1339 1341 1344 1352 1361 1367 1370 1376 1377 1380 1388 1390 1391 1402 1420 1431 1447 1456 1457 1467 1471 1488 1509 1516 1517 1522 1530 1535 1547 1551 1557 1559 1584 1589 1603 1604 1605 1610 1612 1617 1619 1621 1622 1623 1662 1663 1665 1669 1707 1714 1721 1730 1736 1741 1746 1768 1793 1799 1800 1804 1809 1813 1816 1823 1826 1827 1833 1835 1839 1845 1849 1864 1867 1868 1879 1888 1902 
1483 107 897 916 932 953 995 997 1056 1074 1083 1117 1153 1156 1160 1172 1173 1180 1201 1205 1220 1238 1256 1271 1280 1330 1331 1370 1377 1388 1402 1409 1420 1431 1447 1456 1470 1471 1517 1535 1551 1570 1584 1589 1598 1604 1605 1613 1619 1621 1632 1663 1665 1669 1685 1707 1714 1722 1730 1736 1741 1746 1768 1793 1800 1809 1813 1816 1826 1835 1849 1868 1879 1888 1902 
1484 107 967 978 980 993 1003 1048 1116 1175 1185 1230 1269 1331 1352 1610 1754 1800 1845 1888 
1339 107 946 1003 1004 1059 1076 1078 1079 1117 1126 1132 1184 1185 1199 1209 1250 1293 1331 1344 1352 1367 1390 1391 1399 1431 1467 1471 1530 1557 1584 1589 1598 1600 1608 1610 1612 1613 1621 1622 1623 1632 1652 1663 1707 1714 1736 1746 1768 1771 1789 1799 1800 1804 1816 1826 1827 1833 1839 1867 1879 1888 
1488 107 932 946 953 960 966 978 982 983 995 1003 1006 1059 1068 1078 1083 1107 1117 1126 1132 1153 1156 1160 1163 1184 1185 1191 1199 1205 1211 1230 1238 1250 1256 1271 1272 1280 1288 1293 1302 1330 1331 1341 1352 1361 1367 1370 1377 1380 1390 1391 1399 1402 1409 1431 1447 1456 1457 1467 1471 1516 1522 1530 1539 1547 1557 1559 1584 1598 1604 1605 1610 1619 1621 1662 1663 1665 1707 1714 1722 1741 1746 1768 1789 1793 1800 1804 1809 1813 1816 1823 1826 1827 1833 1839 1845 1868 1879 1888 
1714 107 921 946 953 960 966 980 982 993 1004 1006 1017 1026 1059 1076 1078 1079 1083 1107 1117 1126 1146 1153 1163 1172 1184 1185 1199 1205 1211 1230 1238 1250 1256 1269 1271 1272 1287 1288 1293 1302 1312 1329 1330 1331 1339 1341 1344 1352 1361 1367 1370 1376 1377 1380 1388 1390 1391 1399 1402 1409 1420 1431 1447 1456 1457 1467 1471 1483 1488 1516 1520 1522 1530 1547 1551 1559 1570 1584 1589 1598 1600 1603 1604 1605 1608 1612 1613 1617 1619 1621 1622 1623 1662 1663 1665 1669 1675 1707 1721 1722 1730 1736 1741 1746 1768 1789 1793 1799 1800 1804 1809 1816 1823 1826 1827 1833 1835 1839 1849 1864 1867 1868 1879 1888 1902 
1620 107 897 932 953 993 995 997 1004 1056 1059 1068 1074 1078 1107 1146 1153 1160 1173 1175 1184 1191 1199 1209 1211 1222 1230 1238 1250 1256 1329 1331 1334 1344 1352 1367 1377 1388 1390 1393 1407 1409 1431 1470 1522 1528 1539 1547 1557 1570 1600 1604 1613 1621 1622 1632 1663 1665 1675 1707 1730 1746 1754 1768 1789 1800 1804 1813 1816 1823 1827 1833 1835 1845 1861 1864 1867 1888 
1256 107 897 916 932 953 960 966 982 983 993 997 1006 1040 1068 1076 1078 1083 1107 1117 1126 1132 1153 1156 1160 1163 1172 1173 1199 1222 1230 1238 1250 1271 1288 1302 1330 1331 1341 1361 1367 1370 1377 1380 1388 1390 1399 1409 1431 1447 1456 1457 1470 1471 1483 1488 1509 1516 1520 1547 1551 1559 1589 1598 1604 1605 1610 1613 1619 1620 1621 1652 1662 1663 1665 1707 1714 1722 1736 1741 1746 1768 1789 1800 1804 1809 1813 1816 1826 1833 1835 1839 1849 1864 1868 1879 1888 1902 
1409 107 897 916 932 953 960 982 983 993 995 997 1026 1040 1048 1056 1074 1078 1107 1160 1172 1173 1175 1199 1205 1211 1230 1238 1256 1269 1280 1329 1331 1334 1361 1370 1377 1388 1391 1393 1420 1431 1447 1470 1483 1488 1517 1535 1551 1559 1570 1584 1589 1598 1604 1605 1608 1613 1620 1621 1622 1632 1663 1665 1669 1685 1707 1714 1722 1730 1734 1736 1746 1768 1800 1816 1827 1835 1839 1845 1861 1864 1868 
1520 107 921 953 967 978 980 997 1003 1026 1059 1076 1078 1126 1146 1156 1164 1173 1180 1184 1185 1205 1211 1222 1238 1256 1272 1312 1330 1334 1352 1361 1367 1376 1377 1388 1390 1391 1420 1431 1467 1509 1516 1530 1551 1557 1559 1584 1589 1600 1603 1610 1612 1613 1621 1622 1662 1663 1669 1675 1685 1707 1714 1730 1746 1768 1793 1799 1800 1804 1813 1816 1827 1833 1835 1861 1888 
1619 107 916 946 953 960 966 982 983 1006 1039 1040 1068 1078 1083 1107 1126 1132 1146 1153 1156 1163 1172 1184 1185 1199 1205 1238 1250 1256 1271 1288 1302 1330 1331 1341 1352 1361 1370 1380 1390 1399 1402 1420 1431 1447 1456 1457 1471 1483 1488 1516 1547 1584 1598 1603 1604 1605 1610 1612 1632 1662 1663 1665 1707 1714 1722 1736 1741 1746 1793 1800 1804 1809 1816 1823 1826 1833 1839 1849 1861 1868 1879 1888 
1522 107 897 916 921 946 966 967 978 982 993 1004 1006 1017 1026 1048 1059 1074 1076 1078 1079 1107 1116 1117 1126 1132 1146 1153 1173 1175 1184 1185 1199 1205 1209 1211 1230 1238 1250 1269 1293 1312 1329 1331 1352 1367 1370 1376 1377 1380 1388 1390 1391 1393 1399 1420 1431 1467 1488 1516 1528 1530 1547 1551 1557 1559 1570 1584 1589 1600 1603 1604 1608 1612 1613 1617 1620 1621 1622 1632 1663 1669 1685 1707 1714 1730 1746 1768 1799 1800 1804 1816 1823 1826 1827 1833 1835 1839 1845 1864 1868 1879 1888 
1132 107 946 960 966 978 982 997 1006 1017 1040 1059 1076 1078 1079 1083 1107 1117 1126 1153 1156 1163 1172 1175 1184 1185 1199 1201 1211 1222 1230 1238 1256 1269 1271 1288 1302 1330 1331 1339 1341 1344 1352 1361 1367 1370 1376 1377 1380 1390 1399 1431 1456 1467 1471 1488 1509 1516 1522 1530 1539 1547 1551 1559 1589 1598 1600 1603 1604 1605 1610 1612 1613 1619 1621 1623 1652 1662 1665 1707 1721 1730 1736 1746 1789 1793 1799 1800 1804 1809 1813 1816 1826 1827 1833 1839 1849 1868 1879 1888 
1652 107 960 966 1003 1004 1017 1059 1076 1079 1083 1107 1132 1153 1156 1163 1175 1184 1185 1211 1250 1256 1331 1339 1344 1367 1390 1456 1471 1539 1547 1570 1598 1600 1610 1612 1613 1621 1622 1623 1662 1665 1746 1789 1800 1804 1809 1827 1867 1879 1888 
1402 107 916 946 967 983 997 1006 1040 1083 1117 1126 1153 1160 1184 1199 1238 1250 1271 1272 1280 1288 1331 1361 1380 1388 1390 1391 1399 1431 1447 1456 1483 1488 1559 1598 1604 1605 1610 1613 1617 1619 1622 1663 1665 1707 1714 1722 1746 1768 1800 1809 1816 1823 1826 1827 1833 1839 1868 1888 
1017 107 916 960 966 978 980 982 1004 1006 1059 1074 1076 1078 1117 1126 1132 1153 1156 1163 1184 1185 1199 1211 1222 1230 1250 1269 1287 1293 1302 1330 1331 1341 1352 1361 1367 1370 1380 1390 1391 1399 1420 1431 1456 1457 1467 1471 1516 1522 1530 1547 1551 1557 1584 1589 1598 1603 1604 1605 1610 1612 1617 1621 1622 1623 1632 1652 1662 1663 1665 1669 1685 1707 1714 1721 1730 1736 1741 1746 1793 1799 1800 1804 1816 1823 1826 1827 1833 1839 1845 1849 1864 1867 1879 1888 1902 
1528 107 967 1048 1056 1146 1175 1191 1209 1269 1329 1352 1376 1377 1393 1407 1467 1509 1522 1557 1559 1589 1603 1608 1612 1613 1620 1663 1669 1675 1685 1722 1730 1746 1753 1754 1768 1813 1827 1835 1845 1864 
1391 107 921 946 953 978 982 993 997 1003 1004 1006 1017 1026 1039 1040 1048 1056 1059 1076 1078 1079 1083 1107 1116 1126 1146 1153 1156 1160 1164 1173 1175 1184 1185 1199 1205 1211 1230 1238 1269 1271 1272 1280 1288 1302 1312 1329 1330 1334 1339 1341 1352 1361 1367 1370 1376 1377 1380 1388 1390 1399 1402 1409 1420 1431 1447 1457 1467 1470 1488 1509 1516 1520 1522 1530 1535 1539 1547 1551 1557 1559 1570 1584 1589 1598 1600 1603 1604 1608 1612 1613 1621 1622 1632 1662 1663 1665 1669 1675 1685 1707 1714 1730 1736 1746 1754 1768 1789 1793 1799 1800 1809 1813 1816 1823 1826 1827 1833 1835 1839 1843 1845 1849 1867 1868 1888 
1390 107 916 921 946 953 960 966 967 982 983 993 1003 1004 1006 1017 1040 1059 1068 1076 1078 1079 1083 1107 1117 1126 1132 1146 1153 1156 1163 1172 1173 1175 1184 1185 1191 1199 1209 1211 1230 1250 1256 1271 1287 1288 1302 1330 1331 1339 1341 1344 1352 1361 1367 1370 1376 1380 1391 1399 1402 1420 1431 1447 1456 1457 1467 1471 1488 1509 1516 1520 1522 1530 1539 1551 1557 1570 1584 1589 1598 1600 1603 1604 1608 1610 1612 1613 1617 1619 1620 1621 1622 1623 1632 1652 1662 1663 1665 1707 1714 1721 1730 1736 1741 1746 1768 1771 1789 1793 1799 1800 1804 1809 1816 1823 1827 1833 1835 1839 1843 1849 1867 1868 1879 1888 1902 
1230 107 916 921 953 966 967 980 1006 1017 1048 1074 1078 1107 1116 1117 1132 1146 1153 1156 1172 1175 1191 1199 1211 1222 1256 1269 1329 1331 1334 1341 1352 1361 1367 1376 1377 1388 1390 1391 1393 1399 1407 1409 1420 1431 1484 1488 1509 1516 1522 1530 1547 1551 1557 1559 1584 1589 1603 1608 1612 1617 1620 1621 1622 1662 1669 1685 1707 1714 1721 1730 1736 1741 1746 1753 1754 1768 1793 1800 1813 1826 1827 1833 1835 1839 1845 1849 1864 1867 1868 1879 1888 1902 
1547 107 916 946 960 966 978 980 982 983 1004 1006 1017 1040 1059 1078 1079 1083 1107 1117 1126 1132 1146 1153 1163 1172 1175 1185 1199 1211 1222 1230 1238 1250 1256 1269 1287 1288 1331 1341 1352 1361 1367 1370 1376 1380 1391 1399 1431 1456 1457 1471 1488 1516 1522 1551 1559 1584 1589 1600 1603 1605 1610 1613 1619 1620 1621 1623 1652 1662 1665 1707 1714 1721 1730 1736 1741 1746 1789 1793 1800 1804 1809 1813 1816 1823 1826 1827 1833 1839 1849 1864 1868 1879 1888 1902 
1334 107 921 967 980 995 1026 1048 1059 1146 1164 1175 1185 1199 1222 1230 1269 1329 1341 1352 1361 1376 1377 1391 1393 1409 1420 1431 1467 1471 1509 1516 1520 1535 1551 1559 1570 1584 1589 1603 1608 1612 1613 1620 1621 1663 1669 1675 1685 1730 1734 1753 1768 1793 1813 1823 1827 1833 1835 1888 
1330 107 916 932 946 953 966 978 993 995 997 1004 1017 1040 1056 1076 1078 1083 1107 1117 1126 1132 1153 1160 1172 1173 1180 1199 1205 1211 1222 1238 1250 1256 1271 1280 1288 1331 1352 1361 1370 1377 1388 1390 1391 1399 1420 1431 1447 1456 1471 1483 1488 1520 1535 1551 1559 1570 1584 1589 1598 1603 1604 1605 1608 1610 1613 1619 1621 1622 1623 1663 1665 1669 1675 1685 1707 1714 1722 1730 1736 1746 1768 1800 1804 1809 1816 1823 1826 1833 1835 1839 1861 1868 1879 1888 
107 897 907 916 921 932 946 953 960 966 967 978 980 982 983 993 995 997 1003 1004 1006 1017 1026 1039 1040 1048 1056 1059 1068 1074 1076 1078 1079 1083 1107 1116 1117 1126 1132 1146 1153 1156 1160 1163 1164 1172 1173 1175 1180 1184 1185 1191 1199 1201 1205 1209 1211 1220 1222 1230 1238 1250 1256 1269 1271 1272 1280 1287 1288 1293 1302 1312 1329 1330 1331 1334 1339 1341 1344 1352 1361 1367 1370 1376 1377 1380 1388 1390 1391 1393 1399 1402 1407 1409 1420 1431 1447 1456 1457 1467 1470 1471 1483 1484 1488 1509 1516 1517 1520 1522 1528 1530 1535 1539 1547 1551 1557 1559 1570 1584 1589 1598 1600 1603 1604 1605 1608 1610 1612 1613 1617 1619 1620 1621 1622 1623 1632 1652 1662 1663 1665 1669 1675 1685 1707 1714 1721 1722 1730 1734 1736 1741 1746 1753 1754 1768 1771 1775 1789 1793 1799 1800 1804 1809 1813 1816 1823 1826 1827 1833 1835 1839 1843 1845 1849 1861 1864 1867 1868 1879 1888 1902 
1849 107 916 946 953 966 978 983 993 1004 1006 1017 1040 1059 1068 1074 1076 1078 1079 1107 1117 1126 1132 1153 1160 1172 1184 1185 1199 1205 1211 1222 1230 1238 1250 1256 1271 1280 1288 1331 1352 1361 1367 1370 1388 1390 1391 1399 1431 1447 1456 1471 1483 1516 1530 1547 1551 1559 1584 1589 1598 1603 1604 1605 1610 1612 1613 1617 1619 1621 1622 1663 1665 1707 1714 1721 1730 1736 1746 1768 1799 1800 1804 1823 1827 1833 1839 1864 1879 1888 
907 107 980 1172 1420 1685 1730 1734 1845 
1431 107 916 921 946 953 960 966 967 978 980 993 995 1003 1004 1006 1017 1026 1048 1059 1076 1078 1079 1083 1107 1117 1126 1132 1146 1153 1156 1163 1172 1173 1175 1184 1185 1191 1199 1209 1211 1222 1230 1238 1250 1256 1269 1271 1272 1280 1288 1302 1312 1329 1330 1331 1334 1339 1341 1344 1352 1361 1367 1370 1376 1377 1380 1390 1391 1399 1402 1409 1420 1447 1456 1457 1467 1470 1471 1483 1488 1509 1516 1520 1522 1530 1535 1539 1547 1551 1557 1559 1570 1584 1589 1598 1600 1603 1604 1605 1608 1610 1612 1613 1619 1620 1621 1622 1623 1662 1663 1665 1669 1675 1685 1714 1721 1730 1734 1736 1741 1746 1768 1789 1793 1799 1800 1804 1809 1813 1816 1823 1826 1827 1833 1835 1839 1845 1849 1864 1867 1868 1879 1888 1902 
1843 107 932 967 1003 1078 1107 1126 1211 1329 1331 1361 1377 1390 1391 1447 1467 1470 1535 1551 1559 1584 1598 1604 1605 1622 1675 1800 1827 1845 
1663 107 916 921 932 946 953 960 966 967 978 980 982 993 997 1003 1004 1006 1017 1026 1048 1056 1059 1076 1078 1079 1083 1107 1117 1126 1146 1153 1160 1163 1164 1172 1173 1175 1180 1184 1185 1191 1199 1205 1209 1211 1222 1238 1250 1256 1269 1271 1280 1287 1288 1302 1312 1329 1330 1331 1334 1339 1341 1344 1352 1361 1367 1370 1376 1377 1388 1390 1391 1399 1402 1407 1409 1420 1431 1447 1456 1457 1467 1470 1471 1483 1488 1509 1516 1517 1520 1522 1528 1530 1535 1539 1551 1557 1559 1570 1584 1589 1598 1600 1603 1604 1605 1608 1610 1612 1613 1617 1619 1620 1621 1622 1632 1665 1669 1675 1707 1714 1721 1730 1734 1736 1741 1746 1753 1768 1789 1793 1799 1800 1804 1809 1813 1816 1823 1826 1827 1833 1835 1839 1849 1861 1867 1868 1879 1888 1902 
1835 107 897 916 921 946 967 978 980 993 997 1003 1004 1006 1026 1048 1059 1076 1078 1079 1116 1117 1126 1146 1160 1175 1180 1184 1185 1191 1199 1201 1205 1209 1211 1222 1230 1256 1269 1272 1280 1293 1302 1312 1329 1330 1331 1334 1341 1344 1352 1361 1367 1376 1377 1388 1390 1391 1393 1399 1409 1420 1431 1447 1467 1470 1471 1483 1509 1516 1520 1522 1528 1535 1539 1551 1557 1559 1570 1584 1589 1600 1603 1604 1608 1612 1613 1617 1620 1621 1622 1632 1662 1663 1669 1675 1685 1714 1721 1730 1746 1753 1768 1793 1799 1800 1804 1813 1816 1823 1827 1833 1839 1845 1861 1864 1867 1888 1902 
1722 107 932 953 995 997 1048 1056 1083 1117 1156 1160 1173 1199 1205 1238 1256 1271 1280 1330 1331 1361 1388 1402 1409 1447 1483 1488 1517 1528 1589 1604 1605 1619 1622 1685 1707 1714 1730 1741 1754 1768 1826 1864 1868 
1845 107 907 921 932 967 980 982 983 1006 1017 1026 1048 1074 1078 1107 1116 1153 1156 1184 1199 1211 1222 1230 1238 1269 1287 1329 1331 1341 1352 1388 1391 1393 1399 1409 1431 1484 1488 1517 1522 1528 1551 1557 1584 1589 1603 1617 1620 1622 1662 1665 1669 1685 1707 1730 1734 1736 1753 1754 1768 1775 1793 1799 1800 1813 1827 1835 1839 1843 1864 1902 
1721 107 946 966 967 978 980 993 1003 1004 1017 1026 1059 1076 1078 1079 1107 1126 1132 1146 1172 1184 1185 1199 1209 1211 1230 1250 1269 1331 1341 1344 1352 1367 1376 1377 1390 1399 1420 1431 1447 1516 1530 1539 1547 1551 1557 1584 1589 1600 1603 1610 1612 1613 1621 1623 1663 1707 1714 1730 1736 1741 1746 1799 1800 1804 1813 1816 1827 1833 1835 1849 1867 1879 1888 1902 
1470 107 897 953 993 995 997 1074 1083 1117 1126 1153 1156 1160 1173 1180 1191 1201 1205 1238 1256 1280 1288 1331 1361 1377 1388 1391 1409 1431 1447 1483 1509 1535 1551 1559 1570 1604 1605 1620 1663 1669 1675 1730 1741 1768 1813 1826 1835 1843 1861 1868 1888 
1535 107 897 921 932 978 993 995 997 1117 1126 1160 1172 1173 1199 1201 1205 1238 1280 1330 1334 1352 1377 1388 1391 1393 1399 1409 1431 1447 1470 1483 1551 1559 1570 1604 1608 1663 1669 1675 1685 1730 1768 1793 1804 1813 1835 1843 1861 1868 
1530 107 897 916 946 953 993 1006 1017 1059 1076 1078 1079 1107 1132 1172 1184 1185 1199 1211 1230 1238 1250 1331 1339 1341 1352 1367 1390 1391 1399 1420 1431 1471 1488 1516 1520 1522 1559 1584 1589 1598 1603 1608 1610 1612 1613 1617 1662 1663 1669 1707 1714 1721 1730 1736 1746 1754 1768 1793 1800 1804 1809 1813 1823 1826 1827 1833 1839 1849 1867 1868 1879 1888 1902 
1006 107 916 946 960 966 982 983 993 997 1017 1039 1040 1059 1078 1083 1107 1126 1132 1153 1156 1163 1172 1175 1191 1199 1201 1211 1222 1230 1238 1256 1271 1287 1288 1293 1302 1331 1341 1352 1361 1367 1370 1376 1380 1388 1390 1391 1399 1402 1431 1456 1471 1488 1516 1522 1530 1547 1551 1559 1584 1598 1600 1603 1604 1605 1610 1612 1613 1619 1621 1662 1663 1665 1707 1714 1730 1736 1741 1746 1768 1789 1793 1799 1800 1804 1809 1813 1816 1823 1826 1827 1833 1835 1839 1845 1849 1864 1868 1879 1888 1902 
1004 107 916 946 1003 1017 1059 1076 1078 1079 1146 1163 1184 1185 1199 1209 1211 1250 1287 1302 1330 1331 1339 1344 1352 1367 1390 1391 1399 1420 1431 1467 1471 1516 1522 1539 1547 1557 1559 1584 1589 1598 1600 1603 1610 1612 1617 1620 1621 1622 1623 1632 1652 1662 1663 1707 1714 1721 1730 1736 1741 1746 1789 1799 1800 1804 1816 1827 1833 1835 1849 1867 1879 1888 
1003 107 946 967 1004 1059 1076 1079 1126 1175 1184 1191 1250 1272 1293 1331 1339 1352 1367 1376 1380 1390 1391 1420 1431 1484 1488 1516 1520 1539 1557 1559 1589 1598 1600 1612 1613 1622 1623 1652 1662 1663 1707 1721 1741 1746 1789 1799 1800 1809 1816 1827 1835 1843 1867 1888 
1539 107 946 993 1003 1004 1059 1076 1079 1107 1126 1132 1146 1173 1184 1199 1238 1329 1331 1352 1367 1376 1377 1390 1391 1431 1456 1467 1488 1516 1551 1557 1559 1584 1603 1608 1612 1620 1621 1622 1623 1632 1652 1663 1669 1721 1746 1768 1789 1816 1827 1835 1839 1861 1867 
1222 107 916 921 953 966 978 980 997 1006 1017 1056 1074 1076 1078 1107 1117 1126 1132 1146 1160 1172 1173 1175 1180 1185 1191 1199 1201 1205 1211 1230 1238 1256 1272 1280 1330 1331 1334 1341 1352 1361 1367 1377 1393 1399 1431 1447 1471 1509 1520 1547 1551 1557 1559 1570 1584 1589 1603 1604 1608 1610 1613 1620 1621 1622 1662 1663 1669 1675 1707 1730 1734 1736 1753 1768 1793 1800 1804 1813 1816 1827 1835 1839 1845 1849 1861 1864 1867 1879 1888 1902 
1220 107 1331 1367 1483 1827 
1341 107 921 966 983 993 1006 1017 1048 1059 1074 1076 1078 1107 1117 1126 1132 1153 1172 1184 1185 1199 1211 1222 1230 1250 1256 1331 1334 1352 1361 1367 1370 1376 1377 1380 1390 1391 1393 1399 1420 1431 1467 1471 1488 1516 1530 1547 1551 1559 1584 1589 1598 1603 1605 1608 1610 1612 1619 1621 1632 1663 1665 1685 1707 1714 1721 1730 1734 1736 1746 1789 1799 1800 1804 1816 1823 1826 1827 1833 1835 1839 1845 1864 1879 1888 
1344 107 946 980 1004 1059 1076 1079 1116 1126 1132 1146 1184 1185 1209 1250 1339 1352 1367 1376 1390 1399 1431 1557 1570 1589 1600 1610 1612 1620 1622 1623 1652 1663 1669 1685 1714 1721 1730 1746 1771 1789 1799 1800 1804 1816 1827 1835 1861 1867 1888 
1250 107 916 946 967 1003 1004 1017 1026 1059 1076 1078 1079 1126 1146 1184 1185 1199 1205 1209 1211 1238 1256 1271 1287 1288 1293 1330 1339 1341 1344 1352 1367 1376 1380 1390 1399 1402 1420 1431 1456 1488 1522 1530 1547 1557 1559 1584 1589 1600 1603 1608 1610 1612 1613 1617 1619 1620 1622 1623 1632 1652 1662 1663 1685 1707 1714 1721 1730 1736 1741 1746 1754 1768 1771 1789 1793 1799 1800 1804 1816 1827 1833 1839 1849 1861 1867 1879 1888 1902 
1160 107 897 953 995 997 1039 1056 1068 1078 1083 1117 1146 1153 1173 1180 1191 1201 1205 1222 1238 1256 1280 1330 1331 1352 1361 1377 1380 1388 1391 1402 1409 1447 1470 1483 1488 1535 1551 1559 1570 1600 1604 1605 1608 1610 1620 1662 1663 1665 1669 1675 1707 1722 1736 1741 1768 1793 1800 1804 1809 1813 1826 1835 1849 1861 1868 1888 1902 
978 107 916 953 966 980 993 1017 1076 1117 1126 1132 1146 1184 1185 1191 1199 1205 1209 1222 1269 1272 1329 1330 1331 1352 1367 1376 1377 1391 1399 1431 1471 1484 1488 1509 1516 1520 1522 1535 1547 1551 1557 1559 1589 1603 1610 1612 1613 1621 1622 1623 1662 1663 1669 1685 1707 1721 1730 1734 1746 1768 1793 1800 1804 1813 1827 1833 1835 1839 1849 1888 1902 
1902 107 916 932 946 953 966 978 980 993 997 1006 1017 1026 1040 1056 1074 1078 1083 1107 1117 1126 1153 1160 1172 1173 1175 1184 1199 1205 1211 1222 1230 1238 1250 1256 1271 1280 1329 1331 1352 1361 1370 1376 1377 1388 1390 1393 1399 1420 1431 1447 1456 1471 1483 1530 1547 1551 1559 1570 1584 1589 1598 1604 1605 1608 1610 1613 1621 1622 1663 1665 1669 1675 1685 1707 1714 1721 1730 1734 1736 1746 1768 1800 1804 1816 1823 1827 1833 1835 1839 1845 1861 1864 1868 1879 1888 
1879 107 916 946 960 966 980 983 1004 1006 1017 1040 1059 1076 1078 1079 1107 1126 1132 1146 1153 1163 1172 1173 1175 1180 1184 1185 1191 1199 1201 1211 1222 1230 1238 1250 1256 1269 1271 1288 1312 1330 1331 1339 1341 1352 1361 1367 1370 1376 1377 1380 1390 1393 1399 1420 1431 1447 1456 1471 1483 1488 1516 1522 1530 1547 1551 1557 1559 1584 1589 1598 1600 1603 1604 1610 1612 1613 1619 1621 1622 1623 1652 1662 1663 1665 1685 1707 1714 1721 1730 1736 1741 1746 1754 1768 1789 1793 1799 1800 1804 1809 1813 1823 1826 1827 1833 1839 1849 1864 1888 1902 
1420 107 897 907 921 932 946 967 993 1003 1004 1017 1026 1048 1059 1076 1078 1117 1126 1146 1172 1175 1184 1185 1211 1230 1238 1250 1269 1272 1312 1329 1330 1331 1334 1341 1352 1361 1367 1376 1377 1380 1390 1391 1399 1409 1431 1456 1467 1483 1509 1516 1520 1522 1530 1551 1557 1559 1570 1584 1589 1603 1612 1613 1619 1621 1622 1632 1663 1665 1669 1675 1707 1714 1721 1730 1736 1746 1753 1768 1799 1800 1813 1823 1827 1833 1835 1839 1864 1867 1879 1888 1902 
1632 107 916 946 980 993 1004 1017 1059 1076 1156 1184 1199 1211 1250 1293 1331 1339 1341 1367 1376 1390 1391 1409 1420 1447 1483 1522 1539 1557 1589 1600 1604 1612 1613 1617 1619 1620 1622 1623 1663 1665 1707 1730 1736 1746 1768 1789 1799 1800 1823 1827 1833 1835 1867 1888 
1589 107 916 921 932 946 953 966 967 978 980 982 993 1003 1004 1017 1026 1040 1048 1059 1076 1078 1079 1083 1107 1117 1126 1132 1146 1153 1156 1163 1172 1184 1185 1191 1199 1211 1222 1230 1238 1250 1256 1269 1272 1287 1293 1302 1312 1329 1330 1331 1334 1339 1341 1344 1352 1361 1367 1370 1376 1377 1388 1390 1391 1399 1409 1420 1431 1447 1456 1467 1471 1483 1509 1516 1520 1522 1528 1530 1547 1551 1557 1559 1584 1598 1603 1604 1605 1608 1610 1612 1613 1617 1621 1622 1623 1632 1662 1663 1665 1669 1675 1685 1707 1714 1721 1722 1730 1734 1736 1746 1753 1754 1768 1793 1799 1800 1804 1813 1816 1823 1827 1833 1835 1839 1845 1849 1864 1867 1868 1879 1888 1902 
1730 107 907 916 921 932 946 953 966 967 978 980 982 993 995 997 1004 1006 1017 1026 1048 1059 1074 1078 1079 1107 1116 1117 1126 1132 1146 1153 1156 1164 1172 1173 1175 1180 1184 1185 1191 1199 1205 1209 1211 1222 1230 1238 1250 1269 1272 1287 1293 1312 1329 1330 1331 1334 1341 1344 1352 1361 1367 1376 1377 1380 1388 1390 1391 1393 1399 1407 1409 1420 1431 1447 1467 1470 1471 1483 1509 1516 1517 1520 1522 1528 1530 1535 1547 1551 1557 1559 1570 1584 1589 1600 1603 1604 1605 1608 1610 1612 1613 1617 1620 1621 1622 1632 1662 1663 1665 1669 1675 1685 1707 1714 1721 1722 1736 1741 1746 1753 1754 1768 1771 1775 1793 1799 1800 1804 1813 1816 1823 1826 1827 1833 1835 1839 1845 1849 1861 1864 1867 1868 1879 1888 1902 
1734 107 907 921 932 967 978 980 993 1026 1079 1146 1164 1185 1222 1312 1329 1334 1341 1352 1409 1431 1467 1551 1557 1570 1589 1603 1604 1613 1621 1663 1669 1685 1741 1746 1768 1775 1800 1804 1833 1845 1861 1888 1902 
1584 107 916 921 946 960 966 967 980 993 1004 1006 1017 1026 1040 1048 1056 1059 1076 1078 1079 1107 1117 1126 1146 1153 1156 1163 1164 1172 1173 1184 1185 1191 1199 1205 1211 1222 1230 1238 1250 1269 1271 1272 1287 1302 1312 1329 1330 1331 1334 1339 1341 1352 1361 1367 1370 1376 1377 1380 1390 1391 1399 1409 1420 1431 1447 1456 1457 1467 1471 1483 1488 1509 1516 1520 1522 1530 1539 1547 1551 1557 1559 1570 1589 1598 1600 1603 1604 1608 1612 1613 1617 1619 1621 1622 1662 1663 1665 1669 1675 1707 1714 1721 1730 1736 1741 1746 1753 1768 1789 1793 1799 1800 1804 1809 1813 1816 1823 1826 1827 1833 1835 1839 1843 1845 1849 1864 1867 1868 1879 1888 1902 
1736 107 916 946 953 960 966 982 983 1004 1006 1017 1039 1040 1059 1068 1074 1076 1078 1079 1083 1107 1117 1126 1132 1153 1156 1160 1163 1172 1175 1184 1185 1191 1199 1205 1211 1222 1230 1250 1256 1269 1280 1288 1302 1312 1330 1331 1339 1341 1352 1361 1370 1376 1388 1390 1391 1399 1409 1420 1431 1456 1471 1483 1516 1530 1547 1551 1557 1559 1584 1589 1598 1600 1603 1604 1608 1610 1612 1613 1619 1621 1622 1623 1632 1662 1663 1665 1685 1707 1714 1721 1730 1746 1754 1768 1789 1793 1799 1800 1804 1809 1816 1823 1827 1833 1839 1845 1849 1864 1879 1888 1902 
1039 107 1006 1040 1107 1160 1205 1211 1271 1280 1331 1388 1391 1447 1551 1608 1619 1707 1736 1809 1864 1868 
1238 107 916 932 946 953 960 966 967 983 995 997 1006 1040 1056 1059 1068 1078 1083 1107 1117 1132 1146 1153 1156 1160 1163 1172 1173 1180 1191 1199 1201 1205 1222 1250 1256 1271 1280 1287 1288 1293 1302 1330 1331 1361 1370 1376 1377 1380 1388 1391 1402 1409 1420 1431 1447 1456 1457 1470 1471 1483 1488 1509 1517 1520 1522 1530 1535 1539 1547 1551 1559 1584 1589 1598 1604 1605 1608 1610 1612 1613 1619 1620 1662 1663 1665 1675 1707 1714 1722 1730 1741 1746 1768 1793 1800 1804 1809 1813 1816 1826 1833 1839 1845 1849 1867 1868 1879 1888 1902 
1509 107 916 921 932 946 953 967 978 993 997 1026 1048 1059 1076 1107 1126 1132 1146 1173 1175 1184 1185 1199 1205 1211 1222 1230 1238 1256 1269 1272 1280 1329 1331 1334 1352 1361 1367 1376 1377 1390 1391 1399 1420 1431 1447 1467 1470 1471 1516 1517 1520 1528 1551 1559 1570 1584 1589 1603 1604 1608 1610 1612 1613 1617 1621 1622 1663 1669 1675 1730 1746 1768 1799 1800 1804 1823 1827 1833 1835 1839 1861 1864 1888 
1393 107 921 980 1048 1074 1078 1191 1199 1211 1222 1230 1329 1331 1334 1341 1376 1388 1407 1409 1522 1528 1535 1551 1557 1620 1707 1730 1753 1754 1768 1793 1813 1835 1845 1864 1879 1902 
1352 107 921 946 966 967 978 980 993 995 1003 1004 1006 1017 1026 1048 1059 1076 1078 1079 1083 1107 1126 1132 1146 1153 1156 1160 1163 1164 1172 1175 1180 1184 1185 1191 1199 1201 1205 1209 1211 1222 1230 1250 1269 1271 1272 1280 1287 1288 1293 1302 1312 1329 1330 1331 1334 1339 1341 1344 1361 1367 1376 1377 1380 1390 1391 1399 1420 1431 1447 1456 1467 1471 1484 1488 1509 1516 1520 1522 1528 1530 1535 1539 1547 1551 1557 1559 1570 1584 1589 1598 1600 1603 1604 1605 1608 1610 1612 1613 1617 1619 1620 1621 1622 1623 1662 1663 1665 1669 1675 1685 1707 1714 1721 1730 1734 1736 1741 1746 1753 1768 1793 1799 1800 1804 1809 1813 1816 1823 1826 1827 1833 1835 1839 1845 1849 1861 1867 1868 1879 1888 1902 
1861 107 897 916 953 980 995 997 1056 1074 1076 1078 1107 1117 1146 1160 1173 1175 1191 1205 1222 1250 1280 1329 1330 1331 1344 1352 1377 1409 1447 1470 1509 1520 1535 1539 1551 1557 1559 1570 1600 1604 1608 1613 1619 1620 1622 1663 1669 1675 1685 1730 1734 1741 1753 1768 1789 1804 1813 1827 1835 1888 1902 
1040 107 916 953 960 966 982 983 1006 1039 1078 1083 1107 1132 1153 1163 1199 1238 1256 1271 1288 1330 1331 1370 1380 1390 1391 1402 1409 1456 1457 1547 1584 1589 1598 1604 1613 1619 1622 1662 1665 1707 1736 1768 1793 1809 1823 1849 1864 1868 1879 1902 
1864 107 916 921 932 966 982 983 993 1006 1017 1039 1040 1048 1056 1074 1078 1107 1116 1117 1185 1191 1199 1205 1211 1222 1230 1256 1269 1287 1312 1329 1331 1341 1376 1377 1388 1393 1399 1407 1409 1420 1431 1509 1522 1528 1547 1551 1557 1559 1584 1589 1603 1617 1620 1623 1662 1707 1714 1722 1730 1736 1753 1754 1768 1793 1800 1813 1816 1827 1835 1839 1845 1849 1879 1888 1902 
1867 107 946 967 993 1003 1004 1017 1059 1076 1078 1079 1126 1146 1173 1175 1184 1199 1209 1222 1230 1238 1250 1287 1331 1339 1344 1352 1361 1367 1376 1377 1390 1391 1399 1420 1431 1467 1516 1530 1539 1551 1557 1584 1589 1598 1600 1612 1613 1620 1621 1622 1623 1632 1652 1663 1665 1675 1714 1721 1730 1741 1746 1771 1789 1793 1799 1800 1813 1816 1827 1833 1835 1888 
1675 107 921 932 953 967 980 993 997 1026 1048 1056 1076 1078 1117 1126 1146 1160 1164 1173 1175 1185 1191 1199 1205 1222 1238 1269 1312 1329 1330 1334 1352 1376 1377 1391 1420 1431 1447 1470 1471 1509 1516 1520 1528 1535 1551 1559 1570 1584 1589 1603 1604 1605 1608 1610 1612 1613 1620 1621 1622 1663 1669 1685 1714 1730 1741 1753 1768 1800 1804 1813 1833 1835 1843 1861 1867 1888 1902 
1868 107 916 946 953 966 983 995 997 1006 1039 1040 1078 1083 1117 1126 1132 1153 1156 1160 1163 1172 1173 1180 1185 1191 1199 1201 1205 1230 1238 1256 1271 1280 1288 1329 1330 1331 1352 1361 1370 1377 1380 1388 1390 1391 1399 1402 1409 1431 1447 1456 1457 1470 1471 1483 1488 1516 1522 1530 1535 1547 1551 1559 1584 1589 1598 1604 1605 1610 1613 1619 1621 1663 1665 1707 1714 1722 1730 1741 1746 1768 1793 1800 1804 1809 1813 1816 1826 1888 1902 
1598 107 916 946 960 982 993 1003 1004 1006 1017 1040 1056 1059 1068 1078 1083 1107 1117 1126 1132 1153 1163 1172 1175 1180 1184 1199 1201 1211 1238 1256 1271 1280 1287 1288 1302 1330 1331 1339 1341 1352 1370 1377 1380 1388 1390 1391 1402 1409 1431 1447 1456 1457 1467 1471 1483 1488 1516 1530 1557 1559 1570 1584 1589 1600 1603 1604 1610 1613 1619 1622 1652 1662 1663 1665 1707 1714 1736 1741 1746 1789 1793 1800 1804 1809 1816 1823 1826 1833 1839 1843 1849 1867 1868 1879 1888 1902 
1623 107 916 946 978 1003 1004 1017 1059 1076 1079 1107 1126 1132 1184 1185 1199 1211 1250 1269 1287 1330 1331 1339 1344 1352 1367 1376 1377 1380 1390 1399 1431 1467 1471 1516 1539 1547 1551 1557 1570 1589 1600 1603 1610 1612 1613 1621 1632 1652 1662 1707 1714 1721 1736 1746 1768 1799 1800 1804 1816 1826 1827 1833 1864 1867 1879 1888 
1622 107 916 921 932 953 960 967 978 980 993 997 1003 1004 1017 1026 1040 1048 1059 1068 1076 1079 1107 1117 1126 1146 1153 1156 1163 1175 1184 1185 1199 1209 1222 1230 1250 1269 1272 1288 1302 1312 1330 1331 1339 1344 1352 1367 1370 1376 1377 1380 1388 1390 1391 1399 1402 1409 1420 1431 1447 1456 1457 1509 1516 1517 1520 1522 1539 1557 1559 1584 1589 1598 1600 1603 1604 1605 1608 1610 1612 1613 1620 1621 1632 1652 1662 1663 1669 1675 1685 1707 1714 1722 1730 1736 1741 1746 1753 1768 1789 1793 1799 1800 1804 1813 1823 1827 1833 1835 1839 1843 1845 1849 1861 1867 1879 1888 1902 
1621 107 916 921 946 953 966 967 978 980 993 1004 1006 1017 1026 1048 1059 1076 1078 1079 1083 1107 1117 1126 1132 1146 1153 1163 1172 1175 1184 1185 1191 1199 1201 1211 1222 1230 1256 1269 1287 1288 1293 1302 1312 1329 1330 1334 1339 1341 1352 1361 1367 1376 1377 1380 1390 1391 1399 1409 1420 1431 1456 1457 1467 1471 1483 1488 1509 1516 1520 1522 1539 1547 1551 1557 1559 1570 1584 1589 1600 1603 1608 1610 1612 1613 1617 1620 1622 1623 1652 1662 1663 1669 1675 1685 1707 1714 1721 1730 1734 1736 1741 1746 1753 1768 1789 1793 1799 1800 1804 1809 1813 1823 1826 1827 1833 1835 1839 1849 1867 1868 1879 1888 1902 
1026 107 916 921 932 946 967 980 993 1048 1146 1156 1164 1172 1175 1185 1250 1312 1334 1352 1367 1376 1377 1391 1409 1420 1431 1509 1517 1520 1522 1557 1559 1570 1584 1589 1603 1612 1613 1621 1622 1663 1669 1675 1685 1714 1721 1730 1734 1746 1753 1768 1775 1793 1813 1827 1835 1845 1888 1902 
960 107 916 946 966 982 997 1006 1017 1040 1059 1068 1078 1083 1107 1126 1132 1153 1156 1163 1175 1199 1211 1238 1256 1271 1272 1287 1288 1302 1331 1370 1388 1390 1399 1409 1431 1447 1456 1471 1488 1547 1551 1559 1584 1598 1603 1604 1610 1612 1613 1617 1619 1622 1652 1663 1665 1707 1714 1736 1789 1793 1799 1800 1804 1809 1816 1823 1827 1833 1839 1879 1888 
1184 107 916 946 966 978 993 1003 1004 1017 1059 1076 1078 1079 1083 1107 1126 1132 1146 1153 1163 1185 1199 1209 1211 1250 1269 1287 1288 1331 1339 1341 1344 1352 1361 1367 1376 1390 1391 1399 1402 1420 1431 1456 1471 1488 1509 1516 1520 1522 1530 1539 1551 1557 1559 1584 1589 1598 1600 1603 1605 1610 1612 1613 1617 1619 1620 1621 1622 1623 1632 1652 1662 1663 1665 1669 1685 1707 1714 1721 1730 1736 1746 1754 1789 1793 1799 1800 1813 1816 1823 1826 1827 1833 1835 1839 1845 1849 1867 1879 1888 1902 
1185 107 921 946 966 978 980 993 1004 1017 1026 1048 1059 1074 1076 1078 1079 1083 1126 1132 1146 1153 1163 1175 1184 1199 1211 1222 1250 1269 1271 1272 1293 1302 1312 1329 1331 1334 1339 1341 1344 1352 1367 1376 1377 1390 1391 1399 1420 1431 1456 1467 1471 1484 1488 1509 1516 1520 1522 1530 1547 1557 1559 1570 1584 1589 1603 1608 1610 1612 1613 1617 1619 1621 1622 1623 1652 1662 1663 1669 1675 1685 1707 1714 1721 1730 1734 1736 1746 1753 1768 1789 1799 1800 1804 1809 1816 1823 1826 1827 1833 1835 1849 1864 1868 1879 1888 
1180 107 995 997 1059 1083 1160 1173 1175 1205 1222 1238 1280 1330 1331 1352 1377 1388 1447 1470 1471 1483 1520 1551 1598 1600 1663 1665 1685 1730 1741 1789 1793 1804 1813 1826 1835 1868 1879 1888 
1107 107 932 953 960 966 983 1006 1039 1040 1059 1074 1078 1079 1083 1126 1132 1153 1156 1163 1172 1184 1191 1199 1211 1222 1230 1238 1256 1269 1271 1288 1302 1330 1331 1341 1352 1361 1367 1370 1380 1388 1390 1391 1399 1407 1409 1431 1447 1456 1457 1467 1471 1488 1509 1516 1522 1530 1539 1547 1551 1559 1584 1589 1598 1603 1604 1605 1610 1612 1613 1617 1619 1620 1621 1622 1623 1652 1662 1663 1665 1669 1707 1714 1721 1730 1736 1746 1768 1789 1793 1799 1800 1809 1816 1823 1827 1833 1839 1843 1845 1849 1861 1864 1879 1888 1902 
1456 107 916 946 953 960 966 982 983 997 1006 1017 1040 1068 1078 1083 1107 1117 1126 1132 1153 1156 1163 1172 1175 1184 1185 1199 1201 1205 1238 1250 1256 1269 1271 1280 1287 1288 1302 1330 1331 1352 1361 1370 1380 1388 1390 1399 1402 1420 1431 1447 1457 1471 1483 1488 1516 1539 1547 1557 1559 1584 1589 1598 1603 1604 1605 1608 1610 1613 1619 1621 1622 1652 1662 1663 1665 1707 1714 1736 1741 1746 1768 1789 1793 1800 1804 1809 1816 1826 1833 1839 1849 1868 1879 1888 1902 
1457 107 966 982 983 1017 1040 1056 1068 1078 1083 1107 1153 1175 1199 1238 1256 1271 1288 1331 1370 1380 1390 1391 1399 1431 1447 1456 1471 1488 1547 1584 1598 1600 1605 1610 1612 1619 1621 1622 1663 1665 1707 1714 1746 1800 1809 1816 1826 1833 1839 1868 1888 
1746 107 916 946 966 978 980 993 1003 1004 1006 1017 1026 1048 1059 1076 1078 1079 1083 1107 1117 1126 1132 1146 1153 1156 1163 1172 1184 1185 1199 1209 1211 1230 1238 1250 1256 1269 1271 1287 1288 1293 1302 1329 1330 1331 1339 1341 1344 1352 1367 1370 1376 1377 1380 1390 1391 1399 1402 1409 1420 1431 1447 1456 1457 1467 1471 1483 1488 1509 1516 1520 1522 1528 1530 1539 1547 1551 1557 1559 1584 1589 1598 1600 1603 1605 1608 1610 1612 1613 1617 1619 1620 1621 1622 1623 1632 1652 1662 1663 1665 1669 1685 1707 1714 1721 1730 1734 1736 1741 1768 1789 1793 1799 1800 1804 1809 1813 1816 1823 1826 1827 1833 1835 1839 1849 1867 1868 1879 1888 1902 
1516 107 916 921 946 966 967 978 980 982 993 1003 1004 1006 1017 1059 1076 1078 1079 1107 1117 1126 1132 1153 1163 1184 1185 1191 1199 1211 1230 1256 1269 1272 1287 1293 1302 1329 1331 1334 1341 1352 1361 1367 1370 1376 1377 1380 1390 1391 1399 1420 1431 1456 1467 1471 1488 1509 1520 1522 1530 1539 1547 1551 1557 1559 1570 1584 1589 1598 1600 1603 1604 1608 1610 1612 1613 1617 1619 1621 1622 1623 1662 1663 1665 1669 1675 1707 1714 1721 1730 1736 1741 1746 1768 1789 1793 1799 1800 1804 1813 1816 1823 1826 1827 1833 1835 1839 1849 1867 1868 1879 1888 
1741 107 897 932 946 953 995 997 1003 1004 1006 1017 1076 1078 1079 1083 1126 1146 1153 1160 1173 1175 1180 1199 1205 1211 1230 1238 1250 1256 1271 1280 1288 1331 1352 1361 1367 1370 1376 1377 1380 1388 1390 1399 1431 1447 1456 1470 1471 1483 1488 1516 1517 1547 1559 1584 1598 1603 1604 1605 1612 1617 1619 1621 1622 1663 1665 1669 1675 1685 1707 1714 1721 1722 1730 1734 1746 1800 1809 1816 1823 1826 1827 1833 1861 1867 1868 1879 1888 
1164 107 921 980 1026 1146 1329 1334 1352 1377 1391 1520 1557 1570 1584 1600 1603 1663 1675 1685 1730 1734 
1209 107 946 978 980 993 1004 1048 1079 1146 1184 1250 1331 1339 1344 1352 1367 1376 1390 1407 1431 1522 1528 1557 1600 1612 1620 1622 1663 1721 1730 1746 1754 1789 1800 1804 1816 1827 1835 1867 1888 
1163 107 916 946 953 960 966 982 983 997 1004 1006 1017 1040 1068 1076 1078 1083 1107 1117 1126 1132 1153 1172 1184 1185 1199 1238 1256 1271 1288 1331 1352 1367 1370 1380 1390 1399 1431 1447 1456 1471 1488 1516 1547 1559 1584 1589 1598 1604 1605 1610 1613 1617 1619 1621 1622 1652 1663 1665 1707 1714 1736 1746 1789 1800 1804 1809 1816 1826 1833 1839 1868 1879 1888 
1205 107 897 932 953 978 993 995 997 1039 1056 1083 1117 1146 1153 1160 1172 1173 1180 1191 1199 1201 1222 1238 1250 1271 1280 1288 1329 1330 1331 1352 1361 1377 1388 1391 1409 1447 1456 1470 1483 1488 1509 1517 1520 1522 1535 1551 1559 1570 1584 1604 1605 1608 1610 1619 1663 1669 1675 1685 1707 1714 1722 1730 1736 1741 1768 1793 1804 1809 1813 1826 1835 1839 1849 1861 1864 1868 1888 1902 
1201 107 953 995 997 1006 1056 1117 1126 1132 1153 1160 1172 1173 1175 1199 1205 1222 1238 1280 1329 1331 1352 1377 1388 1447 1456 1470 1471 1483 1535 1551 1570 1598 1600 1608 1610 1621 1768 1804 1835 1868 1879 1888 
997 107 932 953 960 995 1006 1056 1083 1117 1132 1146 1153 1160 1163 1172 1173 1180 1191 1199 1201 1205 1222 1238 1256 1280 1330 1331 1361 1377 1388 1391 1402 1409 1447 1456 1470 1471 1483 1509 1517 1520 1535 1551 1559 1570 1604 1605 1608 1610 1613 1620 1622 1663 1665 1669 1675 1722 1730 1741 1768 1793 1804 1809 1813 1835 1861 1868 1888 1902 
1288 107 916 960 966 982 983 1006 1040 1078 1083 1107 1117 1126 1132 1153 1156 1163 1175 1184 1199 1205 1238 1250 1256 1271 1330 1331 1352 1370 1380 1388 1390 1391 1399 1402 1431 1447 1456 1457 1470 1471 1488 1547 1598 1605 1610 1619 1621 1622 1663 1665 1707 1714 1736 1741 1746 1800 1804 1809 1816 1826 1833 1839 1849 1868 1879 1888 
1211 107 916 932 946 960 966 980 982 983 993 1004 1006 1017 1039 1059 1068 1074 1076 1078 1079 1083 1107 1117 1126 1132 1156 1172 1184 1185 1191 1199 1222 1230 1250 1269 1287 1293 1302 1330 1331 1341 1352 1361 1367 1370 1376 1377 1380 1390 1391 1393 1399 1409 1420 1431 1447 1467 1471 1488 1509 1516 1520 1522 1530 1547 1551 1559 1570 1584 1589 1598 1603 1604 1608 1610 1612 1613 1617 1620 1621 1623 1632 1652 1662 1663 1665 1669 1707 1714 1721 1730 1736 1741 1746 1768 1793 1799 1800 1804 1813 1816 1823 1826 1827 1833 1835 1839 1843 1845 1849 1864 1879 1888 1902 
1199 107 916 921 946 953 960 966 978 980 982 983 993 997 1004 1006 1017 1040 1059 1074 1076 1078 1079 1083 1107 1117 1126 1132 1146 1153 1156 1163 1172 1173 1184 1185 1191 1201 1205 1211 1222 1230 1238 1250 1256 1269 1271 1280 1287 1288 1302 1329 1330 1331 1334 1339 1341 1352 1361 1367 1370 1376 1377 1380 1390 1391 1393 1399 1402 1407 1409 1431 1447 1456 1457 1467 1471 1488 1509 1516 1522 1530 1535 1539 1547 1551 1557 1559 1570 1584 1589 1598 1603 1604 1605 1608 1610 1612 1613 1617 1619 1620 1621 1622 1623 1632 1662 1663 1665 1669 1675 1685 1707 1714 1721 1722 1730 1736 1741 1746 1754 1768 1789 1793 1799 1800 1804 1809 1813 1816 1823 1826 1827 1833 1835 1839 1845 1849 1864 1867 1868 1879 1888 1902 
1816 107 946 960 966 1003 1004 1006 1017 1048 1059 1076 1078 1079 1083 1107 1116 1126 1132 1153 1156 1163 1172 1184 1185 1199 1209 1211 1222 1238 1250 1256 1269 1271 1287 1288 1302 1330 1331 1339 1341 1344 1352 1367 1370 1376 1377 1380 1390 1391 1399 1402 1409 1431 1447 1456 1457 1471 1483 1488 1516 1520 1522 1539 1547 1559 1584 1589 1598 1600 1604 1605 1610 1612 1613 1617 1619 1620 1623 1662 1663 1665 1707 1714 1721 1730 1736 1741 1746 1793 1799 1800 1804 1809 1826 1827 1835 1839 1864 1867 1868 1888 1902 
1056 107 932 953 982 997 1048 1078 1160 1173 1191 1201 1205 1222 1238 1280 1329 1330 1377 1391 1409 1447 1457 1483 1528 1551 1559 1570 1584 1598 1604 1620 1663 1669 1675 1685 1722 1754 1768 1793 1800 1813 1861 1864 1902 
1813 107 921 932 953 966 967 978 980 993 995 997 1006 1026 1048 1056 1074 1076 1078 1079 1117 1126 1132 1146 1160 1172 1173 1180 1184 1199 1205 1211 1222 1230 1238 1256 1272 1280 1329 1334 1352 1361 1367 1376 1377 1388 1391 1393 1399 1420 1431 1447 1470 1483 1488 1516 1517 1520 1528 1530 1535 1547 1551 1559 1570 1584 1589 1600 1603 1604 1610 1613 1617 1620 1621 1622 1663 1665 1669 1675 1685 1721 1730 1746 1768 1799 1800 1804 1809 1826 1827 1833 1835 1839 1845 1861 1864 1867 1868 1879 1888 
1191 107 897 916 932 953 966 978 980 993 997 1003 1006 1048 1056 1059 1074 1078 1107 1117 1126 1160 1172 1173 1175 1199 1205 1211 1222 1230 1238 1280 1329 1331 1352 1361 1376 1377 1388 1390 1393 1399 1407 1431 1447 1470 1488 1516 1517 1528 1551 1559 1570 1584 1589 1604 1608 1610 1613 1620 1621 1663 1669 1675 1707 1730 1736 1768 1800 1804 1823 1827 1833 1835 1839 1861 1864 1868 1879 1888 
1059 107 921 946 953 960 993 1003 1004 1006 1017 1076 1078 1079 1107 1126 1132 1146 1172 1175 1180 1184 1185 1191 1199 1211 1238 1250 1269 1293 1302 1312 1329 1334 1339 1341 1344 1352 1367 1370 1376 1377 1380 1390 1391 1399 1420 1431 1467 1471 1488 1509 1516 1520 1522 1530 1539 1547 1551 1557 1559 1570 1584 1589 1598 1600 1603 1610 1612 1613 1617 1620 1621 1622 1623 1632 1652 1662 1663 1665 1669 1685 1707 1714 1721 1730 1736 1746 1754 1768 1789 1793 1799 1800 1804 1816 1823 1827 1833 1835 1839 1849 1867 1879 1888 
953 107 897 932 978 993 995 997 1040 1056 1059 1078 1083 1107 1117 1156 1160 1163 1172 1173 1191 1199 1201 1205 1222 1230 1238 1256 1271 1280 1330 1331 1361 1370 1377 1390 1391 1409 1431 1447 1456 1470 1471 1483 1488 1509 1517 1520 1530 1551 1559 1589 1604 1605 1610 1613 1619 1620 1621 1622 1662 1663 1665 1675 1685 1707 1714 1722 1730 1736 1741 1768 1793 1800 1804 1809 1813 1826 1849 1861 1868 1888 1902 
1612 107 897 916 921 946 960 978 980 993 1003 1004 1006 1017 1026 1048 1059 1076 1078 1079 1083 1107 1126 1132 1146 1156 1175 1184 1185 1199 1209 1211 1230 1238 1250 1269 1271 1272 1287 1302 1312 1329 1331 1334 1339 1341 1344 1352 1361 1367 1370 1376 1377 1388 1390 1391 1399 1420 1431 1447 1457 1467 1471 1509 1516 1520 1522 1528 1530 1539 1551 1557 1559 1570 1584 1589 1600 1603 1608 1610 1613 1617 1619 1621 1622 1623 1632 1652 1662 1663 1669 1675 1685 1707 1714 1721 1730 1736 1741 1746 1753 1768 1789 1799 1800 1804 1816 1823 1826 1827 1833 1835 1839 1849 1867 1879 1888 
1610 107 916 946 953 960 966 978 980 982 997 1004 1006 1017 1059 1076 1079 1083 1107 1117 1126 1132 1146 1153 1156 1160 1163 1172 1173 1175 1184 1185 1191 1199 1201 1205 1211 1222 1238 1250 1256 1269 1271 1272 1287 1288 1302 1330 1331 1339 1341 1344 1352 1361 1367 1370 1376 1377 1380 1390 1399 1402 1431 1447 1456 1457 1471 1484 1488 1509 1516 1517 1520 1530 1547 1551 1559 1589 1598 1600 1603 1604 1605 1608 1612 1613 1619 1621 1622 1623 1652 1662 1663 1665 1669 1675 1685 1707 1721 1730 1736 1746 1753 1754 1768 1789 1793 1799 1800 1804 1809 1813 1816 1826 1827 1833 1839 1849 1868 1879 1888 1902 
1447 107 897 932 953 960 993 995 997 1039 1056 1076 1078 1079 1083 1107 1117 1126 1153 1156 1160 1163 1172 1173 1175 1180 1191 1199 1201 1205 1211 1222 1238 1256 1271 1280 1288 1330 1331 1352 1361 1370 1376 1377 1380 1388 1390 1391 1399 1402 1409 1431 1456 1457 1470 1471 1483 1488 1509 1517 1535 1551 1559 1570 1584 1589 1598 1604 1605 1608 1610 1612 1613 1619 1622 1632 1662 1663 1665 1669 1675 1685 1707 1714 1721 1722 1730 1741 1746 1768 1793 1800 1804 1809 1813 1816 1826 1827 1835 1839 1843 1849 1861 1868 1879 1888 1902 
1117 107 953 966 978 993 997 1017 1078 1079 1126 1132 1146 1153 1160 1163 1172 1173 1191 1199 1201 1205 1211 1222 1230 1238 1256 1271 1272 1280 1288 1302 1329 1330 1331 1339 1341 1361 1370 1377 1380 1388 1390 1399 1402 1420 1431 1447 1456 1470 1483 1488 1516 1522 1535 1547 1551 1559 1570 1584 1589 1598 1604 1608 1610 1613 1621 1622 1662 1663 1665 1675 1707 1714 1722 1730 1736 1746 1768 1793 1800 1804 1809 1813 1826 1827 1833 1835 1839 1849 1861 1864 1868 1888 1902 
1116 107 980 1048 1074 1230 1269 1329 1331 1344 1367 1391 1484 1522 1600 1608 1617 1730 1754 1800 1816 1827 1835 1845 1864 
1293 107 916 967 1003 1006 1017 1059 1146 1172 1185 1211 1238 1250 1287 1331 1339 1352 1367 1376 1488 1516 1522 1557 1589 1605 1608 1613 1617 1621 1632 1662 1707 1714 1730 1746 1768 1800 1826 1835 1888 
1754 107 916 932 982 1048 1056 1059 1074 1116 1126 1184 1199 1209 1230 1250 1269 1329 1331 1388 1391 1393 1407 1484 1528 1530 1551 1557 1589 1610 1617 1620 1707 1722 1730 1736 1800 1845 1864 1879 
1753 107 916 921 946 967 980 993 1026 1048 1076 1078 1126 1146 1185 1222 1230 1269 1272 1329 1334 1352 1361 1376 1377 1393 1407 1420 1471 1528 1551 1559 1570 1584 1589 1603 1608 1610 1612 1613 1621 1622 1663 1669 1675 1685 1730 1768 1799 1800 1804 1827 1833 1835 1845 1861 1864 1888 
1175 107 916 960 967 980 993 1003 1006 1026 1048 1059 1076 1078 1126 1132 1146 1153 1156 1180 1185 1191 1201 1222 1230 1269 1272 1280 1288 1302 1312 1329 1331 1334 1352 1376 1377 1380 1390 1391 1409 1420 1431 1447 1456 1457 1467 1471 1484 1509 1522 1528 1547 1557 1559 1570 1598 1600 1608 1610 1612 1617 1620 1621 1622 1652 1662 1663 1675 1707 1730 1736 1741 1768 1789 1800 1804 1809 1823 1827 1833 1835 1861 1867 1879 1888 1902 
1173 107 897 932 953 995 997 1056 1074 1078 1117 1126 1146 1153 1156 1160 1172 1180 1191 1199 1201 1205 1222 1238 1256 1271 1280 1329 1330 1331 1377 1388 1390 1391 1409 1431 1447 1470 1483 1509 1517 1520 1522 1535 1539 1551 1557 1559 1570 1584 1604 1605 1608 1610 1613 1620 1663 1665 1669 1675 1707 1722 1730 1741 1768 1793 1800 1804 1813 1826 1861 1867 1868 1879 1888 1902 
1172 107 907 916 932 946 953 966 993 997 1006 1026 1059 1078 1083 1107 1117 1132 1146 1153 1156 1163 1173 1191 1199 1201 1205 1211 1222 1230 1238 1256 1280 1293 1330 1331 1341 1352 1361 1376 1388 1390 1399 1409 1420 1431 1447 1456 1471 1483 1517 1530 1535 1547 1551 1559 1584 1589 1598 1604 1605 1610 1613 1619 1621 1662 1663 1665 1707 1714 1721 1730 1736 1746 1768 1793 1800 1804 1809 1813 1816 1823 1833 1839 1849 1868 1879 1888 1902 
897 107 953 967 995 1074 1083 1160 1173 1191 1205 1256 1280 1312 1329 1331 1361 1376 1388 1409 1420 1447 1467 1470 1483 1522 1530 1535 1570 1612 1620 1741 1768 1799 1835 1861 1888 
1271 107 916 953 960 966 982 983 995 1006 1039 1040 1068 1078 1083 1107 1117 1126 1132 1153 1156 1163 1173 1185 1199 1205 1238 1250 1256 1280 1288 1302 1330 1331 1352 1370 1380 1390 1391 1399 1402 1431 1447 1456 1457 1471 1483 1488 1559 1584 1598 1604 1605 1610 1612 1613 1619 1663 1665 1707 1714 1722 1741 1746 1768 1793 1800 1804 1809 1816 1826 1833 1849 1868 1879 1888 1902 
1272 107 921 946 960 967 978 980 1003 1078 1117 1126 1175 1185 1222 1312 1329 1352 1367 1376 1391 1402 1420 1431 1467 1488 1509 1516 1520 1551 1559 1584 1589 1603 1610 1612 1613 1622 1662 1669 1685 1714 1730 1753 1793 1799 1800 1804 1813 1823 1833 1835 1839 1888 
1361 107 897 916 921 946 953 966 967 980 993 995 997 1006 1017 1076 1078 1107 1117 1126 1132 1160 1172 1184 1191 1199 1205 1211 1222 1230 1238 1256 1312 1330 1331 1334 1341 1352 1376 1377 1388 1390 1391 1399 1402 1409 1420 1431 1447 1456 1470 1488 1509 1516 1520 1547 1551 1557 1559 1570 1584 1589 1603 1604 1605 1610 1612 1619 1621 1662 1663 1669 1707 1714 1722 1730 1736 1741 1753 1768 1793 1800 1813 1833 1835 1839 1843 1849 1867 1868 1879 1888 1902 
1888 107 897 916 921 946 953 960 966 967 978 980 982 983 993 997 1003 1004 1006 1017 1026 1048 1059 1068 1074 1076 1078 1079 1083 1107 1117 1126 1132 1146 1153 1156 1160 1163 1172 1173 1175 1180 1184 1185 1191 1199 1201 1205 1209 1211 1222 1230 1238 1250 1256 1269 1271 1272 1287 1288 1293 1302 1312 1329 1330 1331 1334 1339 1341 1344 1352 1361 1367 1370 1376 1377 1380 1388 1390 1391 1399 1402 1420 1431 1447 1456 1457 1467 1470 1471 1483 1484 1488 1509 1516 1520 1522 1530 1547 1551 1557 1559 1570 1584 1589 1598 1600 1603 1604 1605 1608 1610 1612 1613 1617 1619 1620 1621 1622 1623 1632 1652 1662 1663 1665 1669 1675 1685 1707 1714 1721 1730 1734 1736 1741 1746 1753 1768 1789 1793 1799 1800 1804 1809 1813 1816 1823 1826 1827 1833 1835 1839 1849 1861 1864 1867 1868 1879 1902 
1608 107 921 946 980 993 997 1039 1048 1078 1079 1116 1117 1126 1146 1160 1173 1175 1185 1191 1199 1201 1205 1211 1222 1230 1238 1250 1269 1280 1293 1329 1330 1331 1334 1339 1341 1352 1376 1377 1390 1391 1409 1431 1447 1456 1509 1516 1522 1528 1530 1535 1539 1551 1559 1570 1584 1589 1603 1610 1612 1613 1617 1621 1622 1663 1669 1675 1707 1714 1730 1736 1746 1753 1768 1800 1804 1823 1827 1833 1835 1839 1861 1888 1902 
1287 107 916 946 960 993 1004 1006 1017 1048 1078 1153 1184 1199 1211 1238 1250 1293 1329 1331 1352 1367 1370 1390 1399 1456 1471 1516 1547 1557 1559 1584 1589 1598 1610 1612 1617 1621 1623 1663 1714 1730 1746 1799 1800 1804 1816 1823 1826 1827 1833 1845 1864 1867 1888 
1804 107 916 946 953 960 966 978 980 993 997 1004 1006 1017 1059 1076 1078 1079 1083 1117 1126 1132 1153 1156 1160 1163 1172 1173 1175 1180 1185 1191 1199 1201 1205 1209 1211 1222 1238 1250 1256 1269 1271 1272 1280 1287 1288 1302 1329 1330 1331 1339 1341 1344 1352 1367 1370 1376 1377 1390 1399 1431 1447 1456 1467 1471 1488 1509 1516 1520 1522 1530 1535 1547 1551 1559 1570 1584 1589 1598 1600 1603 1604 1605 1608 1610 1612 1613 1617 1619 1620 1621 1622 1623 1652 1662 1663 1665 1669 1675 1685 1707 1714 1721 1730 1734 1736 1746 1753 1768 1789 1793 1799 1800 1809 1813 1816 1823 1827 1833 1835 1839 1849 1861 1868 1879 1888 1902 
1280 107 897 916 953 995 997 1039 1056 1068 1083 1117 1126 1153 1160 1172 1173 1175 1180 1191 1199 1201 1205 1222 1238 1271 1330 1331 1352 1388 1391 1402 1409 1431 1447 1456 1470 1483 1488 1509 1535 1551 1570 1598 1604 1605 1608 1662 1663 1707 1722 1736 1741 1768 1793 1804 1809 1813 1835 1839 1849 1861 1868 1902 
1800 107 916 946 953 960 966 967 978 980 982 993 1003 1004 1006 1017 1048 1056 1059 1076 1078 1079 1083 1107 1116 1117 1126 1132 1146 1153 1156 1160 1163 1172 1173 1175 1184 1185 1191 1199 1209 1211 1222 1230 1238 1250 1256 1269 1271 1272 1287 1288 1293 1302 1329 1330 1331 1339 1341 1344 1352 1361 1367 1370 1376 1377 1380 1390 1391 1399 1402 1409 1420 1431 1447 1456 1457 1467 1471 1483 1484 1488 1509 1516 1520 1522 1530 1547 1551 1557 1559 1584 1589 1598 1600 1603 1604 1605 1608 1610 1612 1613 1617 1619 1620 1621 1622 1623 1632 1652 1662 1663 1665 1669 1675 1685 1707 1714 1721 1730 1734 1736 1741 1746 1753 1754 1768 1771 1789 1793 1799 1804 1809 1813 1816 1823 1826 1827 1833 1835 1839 1843 1845 1849 1864 1867 1868 1879 1888 1902 
946 107 916 960 966 967 993 1003 1004 1006 1026 1048 1059 1076 1078 1079 1083 1126 1132 1146 1153 1163 1172 1184 1185 1199 1209 1211 1238 1250 1272 1287 1302 1312 1330 1331 1339 1344 1352 1361 1367 1370 1376 1377 1390 1391 1399 1402 1420 1431 1456 1467 1488 1509 1516 1522 1530 1539 1547 1557 1559 1570 1584 1589 1598 1603 1608 1610 1612 1617 1619 1621 1623 1632 1662 1663 1707 1714 1721 1730 1736 1741 1746 1753 1768 1793 1799 1800 1804 1816 1823 1826 1827 1833 1835 1839 1849 1867 1868 1879 1888 1902 
1600 107 993 1003 1004 1006 1059 1076 1078 1079 1116 1132 1146 1153 1160 1164 1175 1180 1184 1201 1209 1250 1269 1329 1339 1344 1352 1367 1370 1376 1377 1380 1390 1391 1431 1457 1471 1516 1520 1522 1547 1557 1570 1584 1598 1603 1610 1612 1620 1621 1622 1623 1632 1652 1663 1669 1685 1714 1721 1730 1736 1746 1768 1789 1800 1804 1813 1816 1827 1835 1861 1867 1879 1888 
1603 107 921 946 960 967 978 980 993 1004 1006 1017 1026 1059 1078 1107 1126 1132 1146 1156 1164 1184 1185 1199 1211 1222 1230 1250 1269 1272 1302 1312 1329 1330 1331 1334 1341 1352 1361 1367 1376 1377 1390 1391 1399 1420 1431 1456 1467 1471 1509 1516 1520 1522 1528 1530 1539 1547 1551 1557 1559 1570 1584 1589 1598 1600 1608 1610 1612 1613 1619 1621 1622 1623 1662 1663 1669 1675 1685 1707 1714 1721 1730 1734 1736 1741 1746 1753 1768 1793 1799 1800 1804 1813 1823 1827 1833 1835 1839 1845 1849 1864 1879 1888 
1048 107 921 946 967 980 993 1026 1056 1074 1116 1126 1146 1175 1185 1191 1209 1230 1269 1287 1329 1331 1334 1341 1352 1367 1376 1377 1391 1393 1399 1407 1409 1420 1431 1467 1471 1484 1509 1522 1528 1551 1557 1559 1570 1584 1589 1608 1612 1613 1621 1622 1663 1669 1675 1685 1722 1730 1746 1753 1754 1768 1800 1813 1816 1827 1835 1845 1864 1888 
1605 107 916 932 953 966 997 1006 1017 1076 1083 1107 1126 1132 1153 1156 1160 1163 1172 1173 1184 1199 1205 1238 1256 1271 1280 1288 1293 1330 1331 1341 1352 1361 1367 1370 1380 1388 1399 1402 1409 1431 1447 1456 1457 1470 1471 1483 1488 1547 1589 1604 1610 1617 1619 1622 1663 1665 1675 1685 1707 1714 1722 1730 1741 1746 1768 1800 1804 1809 1816 1826 1839 1843 1849 1868 1888 1902 
1604 107 932 953 960 967 982 993 997 1006 1017 1040 1056 1068 1078 1083 1107 1117 1126 1132 1153 1156 1160 1163 1172 1173 1191 1199 1205 1211 1222 1238 1256 1271 1280 1302 1330 1352 1361 1370 1377 1380 1388 1390 1391 1399 1402 1409 1431 1447 1456 1470 1471 1483 1488 1509 1516 1517 1522 1535 1551 1559 1570 1584 1589 1598 1605 1610 1613 1617 1619 1620 1622 1632 1662 1663 1665 1669 1675 1685 1707 1714 1722 1730 1734 1736 1741 1768 1789 1793 1800 1804 1809 1813 1816 1826 1835 1839 1843 1849 1861 1868 1879 1888 1902 
1809 107 916 953 960 966 982 983 995 997 1003 1006 1039 1040 1068 1078 1083 1107 1117 1126 1132 1153 1156 1160 1163 1172 1175 1185 1199 1205 1238 1256 1271 1280 1288 1330 1331 1352 1367 1370 1380 1388 1390 1391 1399 1402 1431 1447 1456 1457 1471 1483 1488 1530 1547 1551 1559 1584 1598 1604 1605 1610 1613 1619 1621 1652 1662 1663 1665 1685 1707 1714 1736 1741 1746 1768 1793 1800 1804 1813 1816 1826 1833 1839 1868 1879 1888 
1367 107 921 946 966 967 978 980 1003 1004 1006 1017 1026 1048 1059 1076 1078 1079 1107 1116 1126 1132 1146 1163 1184 1185 1199 1209 1211 1220 1222 1230 1250 1256 1269 1272 1287 1293 1302 1312 1331 1339 1341 1344 1352 1376 1377 1380 1390 1391 1399 1420 1431 1471 1488 1509 1516 1520 1522 1530 1539 1547 1551 1557 1584 1589 1600 1603 1605 1610 1612 1613 1617 1620 1621 1622 1623 1632 1652 1663 1665 1669 1685 1707 1714 1721 1730 1741 1746 1789 1793 1799 1800 1804 1809 1813 1816 1823 1826 1827 1833 1835 1839 1849 1867 1879 1888 
1768 107 897 916 921 946 953 967 978 980 993 995 997 1006 1026 1040 1048 1056 1059 1068 1074 1076 1078 1079 1107 1117 1126 1146 1153 1160 1172 1173 1175 1185 1191 1199 1201 1205 1211 1222 1230 1238 1250 1256 1269 1271 1280 1293 1302 1312 1329 1330 1331 1334 1339 1352 1361 1376 1377 1388 1390 1391 1393 1399 1402 1407 1409 1420 1431 1447 1456 1467 1470 1471 1483 1488 1509 1516 1520 1522 1528 1530 1535 1539 1551 1557 1559 1570 1584 1589 1600 1603 1604 1605 1608 1610 1612 1613 1620 1621 1622 1623 1632 1662 1663 1669 1675 1685 1707 1714 1722 1730 1734 1736 1746 1753 1793 1799 1800 1804 1809 1813 1823 1827 1833 1835 1845 1849 1861 1864 1868 1879 1888 1902 
1471 107 916 921 953 960 966 978 993 997 1004 1006 1017 1048 1059 1078 1079 1083 1107 1126 1132 1146 1153 1163 1172 1175 1180 1184 1185 1199 1201 1211 1222 1238 1256 1269 1271 1287 1288 1302 1329 1330 1331 1334 1339 1341 1352 1367 1370 1376 1377 1390 1399 1431 1447 1456 1457 1483 1488 1509 1516 1530 1547 1551 1559 1584 1589 1598 1600 1603 1604 1605 1610 1612 1613 1619 1621 1623 1652 1662 1663 1675 1707 1714 1730 1736 1741 1746 1753 1768 1789 1793 1799 1800 1804 1809 1816 1823 1826 1827 1833 1835 1839 1849 1868 1879 1888 1902 
1617 107 916 946 960 993 1004 1017 1059 1074 1076 1078 1107 1116 1126 1153 1163 1175 1184 1185 1199 1211 1230 1250 1269 1287 1293 1302 1312 1329 1331 1352 1367 1370 1376 1377 1390 1399 1402 1467 1509 1516 1522 1530 1551 1557 1584 1589 1604 1605 1608 1612 1613 1621 1632 1662 1663 1669 1707 1714 1730 1741 1746 1754 1789 1793 1799 1800 1804 1813 1816 1826 1827 1833 1835 1845 1849 1864 1888 
1570 107 897 921 946 967 980 995 997 1026 1048 1056 1059 1074 1117 1146 1156 1160 1164 1173 1175 1185 1191 1199 1201 1205 1211 1222 1269 1280 1312 1329 1330 1334 1344 1352 1361 1376 1377 1380 1390 1391 1409 1420 1431 1447 1470 1483 1509 1516 1522 1535 1551 1559 1584 1598 1600 1603 1604 1608 1612 1613 1620 1621 1623 1652 1663 1669 1675 1685 1714 1730 1734 1753 1768 1804 1813 1823 1833 1835 1839 1861 1888 1902 
