3406 1405 1684 2661 2665 2713 2716 2719 2720 2742 2748 2753 2772 2793 2828 2833 2849 2870 2901 2904 2921 2937 2951 2973 2989 2996 3009 3034 3038 3046 3051 3082 3087 3089 3101 3106 3120 3140 3150 3151 3189 3201 3203 3212 3223 3224 3239 3240 3252 3260 3263 3287 3291 3299 3307 3320 3321 3342 3344 3345 3347 3355 3360 3386 3391 3395 3397 3409 3421 3422 3434 
3347 1684 2661 2674 2712 2715 2716 2719 2734 2742 2770 2778 2781 2787 2793 2796 2828 2833 2849 2853 2863 2869 2870 2882 2901 2936 2939 2973 2991 2992 3005 3027 3035 3049 3051 3060 3076 3082 3101 3102 3113 3116 3132 3145 3146 3150 3152 3170 3172 3185 3198 3201 3204 3206 3239 3247 3252 3267 3272 3280 3291 3302 3320 3327 3330 3332 3350 3351 3366 3378 3381 3396 3397 3403 3406 3416 3434 
3252 1684 2661 2674 2712 2713 2719 2742 2748 2770 2778 2781 2793 2828 2849 2853 2863 2869 2901 2937 2939 2951 2973 2989 2991 2992 3035 3038 3049 3051 3082 3089 3101 3102 3106 3113 3116 3120 3132 3146 3150 3152 3198 3201 3206 3224 3239 3240 3247 3267 3280 3291 3299 3320 3321 3330 3342 3344 3345 3347 3351 3355 3381 3391 3397 3406 3416 3434 
2712 1684 2716 2742 2748 2778 2796 2833 2849 2853 2989 2991 3035 3038 3101 3120 3132 3150 3198 3201 3224 3240 3252 3280 3291 3299 3321 3345 3347 3350 3351 3434 
2713 1684 2951 3038 3082 3106 3120 3223 3224 3240 3252 3291 3321 3344 3391 3406 
2716 1684 2661 2665 2712 2719 2720 2742 2748 2753 2793 2796 2828 2853 2863 2901 2904 2936 2939 2951 2973 2989 2992 3027 3034 3038 3046 3051 3060 3082 3089 3101 3106 3140 3150 3198 3206 3212 3240 3260 3263 3267 3280 3287 3291 3299 3320 3321 3345 3347 3350 3360 3397 3403 3406 3434 
2849 1684 2661 2674 2712 2742 2770 2778 2781 2787 2793 2796 2828 2833 2853 2863 2869 2901 2904 2939 2973 2991 3027 3035 3038 3046 3049 3076 3082 3089 3101 3102 3106 3116 3132 3146 3150 3152 3185 3201 3206 3212 3239 3240 3247 3252 3267 3280 3291 3299 3321 3330 3332 3344 3345 3347 3350 3351 3381 3396 3397 3406 3416 3434 
2719 1684 2661 2716 2720 2742 2753 2778 2793 2796 2828 2833 2853 2863 2869 2936 2937 2939 2973 2991 2992 3005 3035 3051 3060 3076 3082 3101 3102 3106 3113 3116 3120 3132 3145 3150 3170 3172 3185 3201 3204 3206 3239 3240 3252 3267 3280 3287 3291 3320 3330 3332 3344 3345 3347 3350 3351 3355 3378 3381 3386 3391 3396 3397 3406 3422 3434 
3320 1684 2661 2716 2719 2720 2742 2748 2753 2778 2787 2793 2796 2828 2833 2853 2863 2869 2936 2937 2973 2989 2991 2992 3005 3035 3038 3051 3060 3076 3082 3101 3102 3106 3113 3116 3120 3132 3140 3145 3152 3170 3172 3185 3201 3204 3206 3239 3240 3252 3267 3272 3280 3287 3291 3321 3332 3344 3345 3347 3350 3355 3360 3378 3381 3386 3396 3397 3403 3406 3422 3434 
3321 1684 2661 2712 2713 2716 2720 2742 2748 2753 2787 2793 2833 2849 2901 2904 2951 2973 2989 2996 3038 3051 3082 3087 3089 3106 3116 3120 3132 3140 3198 3203 3204 3212 3224 3239 3240 3252 3291 3299 3302 3320 3327 3342 3344 3345 3351 3355 3360 3386 3391 3397 3406 3421 3422 3434 
3102 1684 2661 2674 2719 2742 2770 2778 2828 2833 2849 2853 2863 2939 2991 2992 3035 3049 3051 3060 3101 3116 3132 3145 3146 3150 3152 3185 3201 3239 3247 3252 3267 3280 3320 3330 3344 3347 3351 3416 3434 
3327 1684 2665 2778 2781 2787 3034 3087 3113 3151 3280 3321 3347 3366 3421 
3046 1684 2716 2742 2748 2793 2849 2904 2973 2989 3076 3089 3106 3140 3146 3212 3260 3299 3345 3360 3406 3434 
3132 1684 2661 2674 2712 2719 2742 2753 2770 2778 2793 2796 2828 2833 2849 2853 2863 2869 2904 2939 2973 2991 2992 3035 3049 3051 3060 3076 3082 3101 3102 3113 3116 3120 3145 3146 3150 3152 3185 3201 3206 3212 3239 3247 3252 3260 3267 3280 3291 3320 3321 3330 3332 3344 3347 3350 3351 3355 3381 3391 3396 3397 3416 3434 
3120 1684 2661 2674 2712 2713 2719 2742 2753 2778 2781 2793 2828 2853 2863 2901 2939 2951 2973 2989 2992 3035 3038 3049 3082 3089 3101 3106 3113 3116 3132 3146 3150 3198 3201 3206 3224 3239 3240 3247 3252 3267 3280 3291 3299 3320 3321 3330 3342 3344 3345 3350 3351 3355 3381 3391 3397 3406 3416 3434 
2715 1684 2787 2863 2901 2936 3027 3087 3146 3291 3330 3347 
2853 1684 2661 2674 2712 2716 2719 2748 2770 2778 2781 2793 2796 2849 2863 2869 2939 2991 2992 3035 3049 3082 3101 3102 3106 3113 3116 3120 3132 3145 3146 3150 3201 3206 3239 3240 3247 3252 3267 3280 3320 3330 3342 3344 3347 3351 3381 3391 3397 3416 
3332 1684 2661 2719 2742 2778 2793 2828 2833 2849 2936 2937 2973 3051 3060 3076 3082 3089 3101 3106 3116 3132 3145 3150 3152 3170 3172 3240 3280 3287 3291 3320 3330 3347 3350 3355 3378 3396 3403 3434 
3403 1684 2716 2787 2936 3005 3027 3034 3060 3076 3089 3101 3145 3172 3185 3263 3287 3299 3302 3320 3332 3342 3345 3347 3366 3386 3395 3396 3422 
3330 1684 2661 2665 2674 2715 2719 2742 2770 2778 2793 2828 2833 2849 2853 2863 2869 2901 2904 2936 2939 2951 2973 2989 2991 2992 2996 3035 3038 3049 3051 3060 3082 3101 3102 3106 3116 3120 3132 3145 3146 3150 3152 3198 3201 3224 3239 3240 3247 3252 3267 3280 3291 3302 3332 3344 3345 3347 3351 3355 3381 3391 3396 3397 3422 3434 
3409 1684 3082 3150 3151 3185 3406 
3416 1684 2661 2674 2742 2770 2778 2793 2828 2849 2853 2863 2869 2939 2991 2992 3035 3049 3082 3101 3102 3106 3116 3120 3132 3146 3201 3206 3239 3240 3247 3252 3267 3291 3342 3344 3347 3351 3381 3391 3397 3434 
3038 1684 2661 2712 2713 2716 2720 2742 2748 2753 2787 2793 2828 2833 2849 2863 2901 2936 2951 2973 2989 2996 3027 3034 3035 3049 3051 3060 3082 3089 3101 3106 3116 3120 3140 3150 3152 3198 3203 3204 3212 3224 3240 3247 3252 3260 3291 3299 3302 3320 3321 3330 3342 3344 3345 3351 3355 3360 3386 3391 3395 3397 3406 3421 3434 
3034 1684 2716 2787 2863 2921 2951 3038 3082 3089 3101 3152 3263 3287 3327 3342 3345 3360 3366 3397 3403 3406 
2991 1684 2661 2674 2712 2719 2742 2748 2778 2781 2793 2796 2828 2833 2849 2853 2863 2869 2937 2992 3035 3049 3051 3060 3082 3101 3102 3106 3113 3116 3132 3145 3146 3152 3172 3185 3201 3204 3239 3247 3252 3267 3280 3320 3330 3347 3350 3351 3378 3381 3396 3416 3434 
2992 1684 2716 2719 2742 2753 2778 2793 2828 2833 2853 2863 2869 2901 2936 2937 2939 2973 2989 2991 3027 3035 3051 3060 3082 3101 3102 3106 3113 3120 3132 3145 3172 3201 3204 3206 3224 3240 3247 3252 3267 3280 3291 3302 3320 3330 3344 3347 3355 3378 3381 3397 3416 3434 
3240 1684 2665 2712 2713 2716 2719 2720 2742 2748 2753 2793 2849 2853 2951 2973 2989 2992 3038 3051 3082 3089 3101 3106 3120 3140 3203 3206 3212 3224 3239 3247 3252 3291 3299 3320 3321 3330 3332 3342 3344 3345 3355 3386 3391 3397 3406 3416 3421 3434 
3247 1684 2661 2674 2742 2748 2770 2778 2793 2828 2849 2853 2863 2904 2937 2939 2973 2989 2991 2992 3035 3038 3049 3082 3101 3102 3106 3116 3120 3132 3146 3150 3152 3201 3206 3239 3240 3252 3280 3291 3330 3344 3347 3351 3355 3381 3391 3397 3416 3434 
2996 1684 2772 2901 3027 3038 3140 3201 3224 3291 3302 3307 3321 3330 3342 3345 3351 3406 
3035 1684 2661 2665 2674 2712 2719 2742 2770 2778 2781 2793 2796 2828 2833 2849 2853 2863 2869 2901 2904 2936 2937 2939 2973 2991 2992 3009 3038 3049 3051 3082 3101 3102 3113 3116 3120 3132 3145 3146 3150 3152 3185 3198 3201 3204 3206 3239 3247 3252 3267 3280 3307 3320 3330 3344 3347 3351 3355 3360 3378 3381 3391 3397 3416 3434 
2793 1684 2661 2674 2716 2719 2720 2742 2748 2753 2787 2828 2833 2849 2853 2863 2901 2936 2937 2939 2973 2989 2991 2992 3027 3035 3038 3046 3049 3051 3060 3082 3089 3101 3106 3116 3120 3132 3140 3146 3150 3152 3198 3201 3206 3212 3224 3239 3240 3247 3252 3267 3280 3291 3320 3321 3330 3332 3342 3344 3345 3347 3350 3351 3355 3386 3391 3396 3397 3406 3416 3434 
2796 1684 2674 2712 2716 2719 2742 2778 2781 2828 2833 2849 2853 2863 2869 2921 2936 2939 2991 3035 3049 3051 3060 3076 3082 3101 3113 3132 3145 3172 3185 3201 3204 3267 3280 3287 3320 3347 3350 3351 3378 3381 3396 3422 3434 
2778 1684 2661 2674 2712 2719 2742 2770 2781 2796 2828 2833 2849 2853 2863 2869 2901 2904 2921 2939 2991 2992 3035 3049 3051 3060 3076 3082 3101 3102 3113 3116 3120 3132 3145 3146 3150 3172 3185 3201 3204 3239 3247 3252 3267 3272 3280 3287 3320 3327 3330 3332 3345 3347 3350 3351 3366 3378 3381 3396 3397 3416 3422 3434 
2901 1684 2661 2715 2716 2742 2748 2753 2778 2781 2787 2793 2828 2849 2863 2904 2939 2989 2992 2996 3009 3027 3035 3038 3049 3051 3082 3101 3106 3113 3116 3120 3140 3150 3198 3201 3206 3224 3252 3267 3291 3299 3321 3330 3342 3344 3345 3347 3351 3355 3360 3378 3397 3406 3434 
2904 1684 2661 2716 2742 2770 2778 2787 2833 2849 2863 2901 3009 3027 3035 3046 3049 3082 3089 3116 3132 3146 3150 3152 3198 3201 3206 3212 3247 3267 3272 3280 3291 3321 3330 3342 3345 3360 3378 3406 3434 
2770 1684 2661 2674 2742 2778 2849 2853 2863 2904 2939 3035 3049 3101 3102 3116 3132 3146 3150 3152 3185 3201 3239 3247 3252 3280 3291 3330 3347 3351 3416 3434 
2772 1684 2674 2748 2996 3027 3342 3406 
3140 1684 2661 2665 2674 2716 2720 2742 2748 2753 2793 2901 2996 3027 3038 3046 3051 3060 3082 3101 3145 3203 3240 3291 3302 3320 3321 3342 3345 3360 3378 3386 3397 3406 
2828 1684 2661 2674 2716 2719 2742 2778 2793 2796 2833 2849 2869 2901 2936 2937 2939 2973 2989 2991 2992 3027 3035 3038 3049 3051 3060 3076 3082 3101 3102 3106 3113 3116 3120 3132 3146 3152 3170 3172 3185 3201 3247 3252 3272 3280 3291 3320 3330 3332 3344 3347 3350 3351 3378 3381 3391 3396 3397 3406 3416 3434 
3145 1684 2674 2719 2753 2778 2796 2853 2863 2869 2936 2937 2991 2992 3005 3035 3051 3060 3076 3082 3101 3102 3113 3132 3140 3172 3185 3201 3204 3206 3260 3267 3280 3287 3291 3320 3330 3332 3347 3350 3351 3378 3381 3386 3396 3403 3422 
3146 1684 2661 2674 2715 2742 2770 2778 2793 2828 2833 2849 2853 2863 2904 2939 2973 2991 3035 3046 3049 3082 3101 3102 3106 3116 3120 3132 3152 3198 3201 3206 3239 3247 3252 3267 3291 3302 3330 3344 3347 3351 3381 3397 3416 3434 
3307 1684 2996 3035 3406 
3302 1684 2661 2748 2787 2869 2936 2939 2992 2996 3005 3027 3038 3101 3116 3140 3146 3150 3204 3291 3321 3330 3347 3350 3351 3403 
3386 1684 2665 2719 2720 2748 2753 2793 2863 2869 2936 2973 2989 3038 3051 3082 3106 3140 3145 3224 3240 3260 3291 3320 3321 3344 3345 3350 3355 3360 3396 3397 3403 3406 3434 
2989 1684 2661 2665 2712 2716 2720 2742 2748 2753 2793 2828 2901 2921 2936 2951 2973 2992 3038 3046 3051 3082 3087 3089 3101 3106 3116 3120 3150 3198 3240 3247 3252 3291 3320 3321 3330 3344 3345 3355 3360 3378 3386 3391 3397 3406 3434 
2781 1684 2665 2674 2742 2778 2787 2796 2849 2853 2863 2869 2901 2939 2991 3005 3027 3035 3049 3060 3076 3082 3101 3113 3116 3120 3150 3151 3201 3204 3252 3267 3280 3291 3327 3347 3350 3351 3366 3381 3397 3434 
3381 1684 2661 2674 2719 2778 2781 2796 2828 2833 2849 2853 2863 2869 2939 2991 2992 3035 3049 3051 3060 3076 3082 3101 3113 3116 3120 3132 3145 3146 3150 3172 3201 3239 3247 3252 3267 3272 3280 3320 3330 3347 3350 3351 3378 3416 3434 
3027 1684 2665 2715 2716 2734 2742 2772 2781 2787 2793 2828 2849 2882 2901 2904 2936 2939 2992 2996 3005 3009 3038 3051 3101 3113 3116 3140 3150 3152 3198 3291 3302 3347 3366 3395 3403 
2665 1684 2716 2753 2781 2921 2951 2989 3027 3035 3082 3140 3151 3198 3224 3240 3263 3299 3327 3330 3342 3345 3386 3395 3397 3406 
2661 1684 2674 2716 2719 2742 2770 2778 2793 2828 2833 2849 2853 2863 2869 2901 2904 2937 2939 2973 2989 2991 3035 3038 3049 3060 3076 3082 3101 3102 3116 3120 3132 3140 3146 3150 3152 3172 3185 3198 3201 3206 3224 3239 3247 3252 3272 3280 3291 3302 3320 3321 3330 3332 3344 3347 3350 3351 3355 3360 3381 3391 3396 3397 3406 3416 3434 
1405 1684 2869 3366 3406 
2939 1684 2661 2674 2716 2719 2742 2770 2778 2781 2787 2793 2796 2828 2833 2849 2853 2863 2869 2901 2973 2992 3027 3035 3049 3051 3082 3101 3102 3113 3116 3120 3132 3146 3150 3152 3185 3201 3206 3239 3247 3252 3267 3280 3291 3302 3330 3344 3347 3351 3381 3391 3397 3416 3434 
2936 1684 2715 2716 2719 2720 2748 2753 2793 2796 2828 2833 2869 2937 2973 2989 2992 3027 3035 3038 3051 3060 3082 3101 3106 3113 3145 3152 3170 3172 3198 3224 3260 3267 3272 3291 3302 3320 3330 3332 3344 3347 3355 3378 3386 3396 3397 3403 3434 
2937 1684 2661 2719 2720 2742 2753 2793 2828 2833 2869 2936 2973 2991 2992 3035 3051 3060 3076 3082 3101 3116 3145 3152 3170 3172 3201 3206 3224 3247 3252 3267 3280 3291 3320 3332 3350 3378 3396 3397 3406 3422 3434 
3260 1684 2716 2742 2936 3038 3046 3051 3060 3082 3089 3132 3145 3224 3287 3299 3345 3360 3386 3406 
3151 1684 2665 2781 2863 3005 3150 3327 3406 3409 
3150 1684 2661 2674 2712 2716 2719 2742 2753 2770 2778 2781 2787 2793 2833 2849 2853 2863 2901 2904 2939 2951 2989 3005 3027 3035 3038 3049 3060 3076 3082 3101 3102 3116 3120 3132 3151 3152 3185 3198 3201 3223 3247 3252 3267 3272 3280 3291 3302 3330 3332 3342 3344 3347 3350 3351 3360 3381 3397 3406 3409 
3267 1684 2674 2716 2719 2742 2753 2778 2781 2793 2796 2833 2849 2853 2863 2869 2901 2904 2936 2937 2939 2991 2992 3035 3049 3051 3082 3101 3102 3106 3113 3116 3120 3132 3145 3146 3150 3185 3201 3204 3224 3239 3252 3280 3291 3299 3320 3330 3344 3347 3351 3378 3381 3397 3416 
2833 1684 2661 2674 2712 2719 2778 2793 2796 2828 2849 2863 2869 2904 2936 2937 2939 2973 2991 2992 3035 3038 3049 3051 3060 3076 3082 3089 3101 3102 3113 3116 3132 3146 3150 3152 3185 3201 3212 3224 3239 3267 3272 3280 3291 3299 3320 3321 3330 3332 3345 3347 3350 3351 3355 3360 3381 3396 3397 3406 3434 
3391 1684 2661 2674 2713 2719 2742 2793 2828 2853 2863 2939 2951 2973 2989 3035 3038 3049 3082 3101 3106 3113 3116 3120 3132 3201 3206 3224 3239 3240 3247 3252 3280 3291 3299 3321 3330 3342 3344 3345 3351 3355 3397 3406 3416 3434 
3116 1684 2661 2674 2719 2742 2748 2753 2770 2778 2781 2787 2793 2828 2833 2849 2853 2863 2869 2901 2904 2937 2939 2973 2989 2991 3009 3027 3035 3038 3049 3051 3060 3076 3082 3089 3101 3102 3106 3120 3132 3146 3150 3152 3170 3185 3198 3201 3206 3212 3239 3247 3252 3267 3272 3280 3291 3302 3320 3321 3330 3332 3344 3347 3350 3351 3360 3381 3391 3396 3397 3416 3422 3434 
3395 1684 2665 2787 3027 3038 3087 3189 3198 3203 3403 3406 
3397 1684 2661 2665 2674 2716 2719 2720 2742 2748 2753 2778 2781 2793 2828 2833 2849 2853 2863 2869 2901 2921 2936 2937 2939 2951 2973 2989 2992 3034 3035 3038 3049 3051 3060 3076 3082 3089 3101 3106 3116 3120 3132 3140 3146 3150 3152 3198 3201 3206 3224 3239 3240 3247 3252 3267 3280 3291 3299 3320 3321 3330 3344 3345 3347 3351 3355 3360 3378 3386 3391 3406 3416 3434 
3152 1684 2661 2674 2742 2770 2793 2828 2833 2849 2863 2869 2904 2936 2937 2939 2973 2991 3027 3034 3035 3038 3049 3051 3060 3076 3082 3101 3102 3116 3132 3146 3150 3172 3185 3198 3201 3204 3239 3247 3252 3280 3291 3320 3330 3332 3347 3350 3351 3378 3396 3397 3434 
3263 1684 2665 2716 2720 2921 2951 3034 3089 3287 3403 3406 
2674 1684 2661 2742 2770 2772 2778 2781 2793 2796 2828 2833 2849 2853 2863 2869 2939 2991 3035 3049 3051 3082 3101 3102 3113 3116 3120 3132 3140 3145 3146 3150 3152 3185 3201 3204 3206 3239 3247 3252 3267 3280 3291 3330 3344 3347 3350 3351 3381 3391 3397 3416 3434 
2921 1684 2665 2778 2796 2951 2989 3009 3034 3198 3204 3263 3299 3342 3345 3360 3397 3406 
3005 1684 2719 2734 2781 3027 3060 3101 3113 3145 3150 3151 3172 3185 3198 3287 3302 3320 3342 3347 3366 3403 
3299 1684 2665 2712 2716 2742 2748 2833 2849 2901 2921 2951 2973 3038 3046 3051 3082 3087 3089 3106 3113 3120 3203 3212 3224 3240 3252 3260 3267 3291 3321 3342 3344 3345 3351 3360 3391 3397 3403 3406 3421 3434 
3009 1684 2720 2870 2901 2904 2921 3027 3035 3082 3116 3204 3206 3406 
3291 1684 2661 2674 2712 2713 2715 2716 2719 2720 2742 2748 2753 2770 2781 2787 2793 2828 2833 2849 2901 2904 2936 2937 2939 2951 2973 2989 2992 2996 3027 3038 3049 3051 3060 3076 3082 3101 3106 3113 3116 3120 3132 3140 3145 3146 3150 3152 3170 3172 3198 3201 3203 3204 3206 3224 3239 3240 3247 3252 3267 3272 3280 3299 3302 3320 3321 3330 3332 3342 3344 3345 3347 3351 3355 3360 3378 3386 3391 3396 3397 3406 3416 3421 3422 3434 
2882 1684 3027 3347 
3212 1684 2716 2742 2793 2833 2849 2904 2973 3038 3046 3089 3116 3132 3240 3299 3321 3345 3355 3360 3406 3434 
3366 1405 1684 2778 2781 2951 3005 3027 3034 3101 3113 3203 3223 3327 3347 3403 
3360 1684 2661 2716 2742 2748 2833 2901 2904 2921 2951 2973 2989 3034 3035 3038 3046 3060 3089 3101 3116 3140 3150 3185 3201 3204 3212 3224 3260 3272 3280 3291 3299 3320 3321 3345 3350 3351 3386 3397 3406 3434 
3089 1684 2716 2720 2742 2748 2793 2833 2849 2904 2973 2989 3034 3038 3046 3101 3106 3116 3120 3212 3240 3252 3260 3263 3287 3299 3321 3332 3344 3345 3355 3360 3397 3403 3406 
3087 1684 2715 2720 2787 2951 2989 3299 3321 3327 3395 3406 
3082 1684 2661 2665 2674 2713 2716 2719 2720 2742 2748 2753 2778 2781 2787 2793 2796 2828 2833 2849 2853 2863 2869 2901 2904 2936 2937 2939 2951 2973 2989 2991 2992 3009 3034 3035 3038 3049 3051 3060 3076 3101 3106 3113 3116 3120 3132 3140 3145 3146 3150 3152 3172 3185 3198 3201 3203 3204 3206 3224 3239 3240 3247 3252 3260 3267 3272 3280 3291 3299 3320 3321 3330 3332 3342 3344 3345 3347 3350 3351 3355 3378 3381 3386 3391 3396 3397 3406 3409 3416 3421 3434 
3076 1684 2661 2719 2720 2742 2748 2778 2781 2796 2828 2833 2849 2937 3046 3060 3082 3101 3113 3116 3132 3145 3150 3152 3172 3185 3201 3204 3206 3272 3280 3287 3291 3320 3332 3347 3350 3378 3381 3396 3397 3403 3422 3434 
3287 1684 2716 2719 2734 2778 2796 3005 3034 3051 3060 3076 3089 3145 3172 3185 3260 3263 3320 3332 3355 3396 3403 3406 3422 
3170 1684 2719 2828 2869 2936 2937 3051 3116 3172 3185 3280 3291 3320 3332 3347 3350 3378 3396 3434 
3172 1684 2661 2719 2742 2778 2796 2828 2863 2869 2936 2937 2991 2992 3005 3051 3060 3076 3082 3145 3152 3170 3185 3198 3201 3204 3272 3280 3287 3291 3320 3332 3347 3350 3351 3378 3381 3396 3403 3422 3434 
2951 1684 2665 2713 2716 2921 2989 3034 3038 3051 3082 3087 3106 3120 3150 3198 3203 3224 3240 3252 3263 3291 3299 3321 3330 3342 3344 3345 3360 3366 3391 3397 3406 3421 
3280 1684 2661 2674 2712 2716 2719 2742 2753 2770 2778 2781 2793 2796 2828 2833 2849 2853 2863 2869 2904 2937 2939 2973 2991 2992 3035 3049 3051 3060 3076 3082 3101 3102 3113 3116 3120 3132 3145 3150 3152 3170 3172 3185 3201 3204 3206 3247 3252 3267 3272 3291 3320 3327 3330 3332 3344 3347 3350 3351 3360 3378 3381 3391 3396 3397 3422 3434 
3206 1684 2661 2674 2716 2719 2742 2793 2849 2853 2863 2901 2904 2937 2939 2973 2992 3009 3035 3049 3076 3082 3101 3116 3120 3132 3145 3146 3201 3239 3240 3247 3252 3280 3291 3320 3344 3347 3351 3355 3391 3397 3416 3434 
3204 1684 2674 2719 2778 2781 2796 2863 2869 2921 2991 2992 3009 3035 3038 3051 3076 3082 3113 3145 3152 3172 3198 3201 3267 3280 3291 3302 3320 3321 3342 3347 3351 3360 3378 3434 
3203 1684 2951 3038 3082 3106 3140 3224 3240 3291 3299 3321 3342 3345 3366 3395 3406 3421 
3201 1684 2661 2674 2712 2719 2720 2742 2770 2778 2781 2793 2796 2828 2833 2849 2853 2863 2869 2901 2904 2937 2939 2973 2991 2992 2996 3035 3049 3051 3060 3076 3082 3101 3102 3106 3113 3116 3120 3132 3145 3146 3150 3152 3172 3185 3198 3204 3206 3239 3247 3252 3267 3272 3280 3291 3320 3330 3344 3347 3350 3351 3355 3360 3378 3381 3391 3397 3406 3416 3434 
3378 1684 2719 2742 2748 2753 2778 2796 2828 2869 2901 2904 2936 2937 2989 2991 2992 3035 3051 3060 3076 3082 3113 3140 3145 3152 3170 3172 3185 3201 3204 3267 3272 3280 3291 3320 3332 3347 3381 3396 3397 
3396 1684 2661 2719 2742 2778 2793 2796 2828 2833 2849 2869 2936 2937 2973 2991 3051 3060 3076 3082 3116 3132 3145 3152 3170 3172 3185 3280 3287 3291 3320 3330 3332 3347 3350 3355 3378 3386 3403 3422 3434 
3049 1684 2661 2674 2742 2748 2770 2778 2781 2787 2793 2796 2828 2833 2849 2853 2863 2869 2901 2904 2939 2973 2991 3035 3038 3082 3101 3102 3106 3113 3116 3120 3132 3146 3150 3152 3185 3201 3206 3239 3247 3252 3267 3280 3291 3330 3344 3347 3350 3351 3381 3391 3397 3416 3434 
2753 1684 2665 2716 2719 2720 2742 2748 2793 2869 2901 2936 2937 2973 2989 2992 3038 3051 3060 3082 3101 3106 3116 3120 3132 3140 3145 3150 3198 3240 3267 3280 3291 3320 3321 3344 3350 3355 3378 3386 3397 3406 3434 
3422 1684 2719 2778 2796 2937 2973 3076 3116 3145 3172 3185 3198 3272 3280 3287 3291 3320 3321 3330 3396 3403 3406 3434 
3272 1684 2661 2778 2828 2833 2904 2936 3060 3076 3082 3113 3116 3150 3172 3185 3201 3280 3291 3320 3347 3350 3351 3360 3378 3381 3422 
2734 1684 2787 3005 3027 3287 3347 
2863 1684 2661 2674 2715 2716 2719 2742 2770 2778 2781 2787 2793 2796 2833 2849 2853 2869 2901 2904 2939 2991 2992 3034 3035 3038 3049 3051 3082 3101 3102 3113 3116 3120 3132 3145 3146 3150 3151 3152 3172 3185 3198 3201 3204 3206 3239 3247 3252 3267 3280 3320 3330 3344 3347 3351 3381 3386 3391 3397 3416 3434 
2869 1405 1684 2661 2674 2719 2742 2748 2753 2778 2781 2796 2828 2833 2849 2853 2863 2936 2937 2939 2991 2992 3035 3049 3051 3060 3082 3101 3113 3116 3132 3145 3152 3170 3172 3201 3204 3239 3252 3267 3280 3302 3320 3330 3347 3350 3351 3378 3381 3386 3396 3397 3416 
3060 1684 2661 2716 2719 2720 2742 2748 2753 2778 2781 2793 2796 2828 2833 2869 2936 2937 2973 2991 2992 3005 3038 3051 3076 3082 3101 3102 3113 3116 3132 3140 3145 3150 3152 3172 3185 3201 3260 3272 3280 3287 3291 3320 3330 3332 3347 3350 3360 3378 3381 3396 3397 3403 
3342 1684 2665 2720 2748 2772 2787 2793 2853 2901 2904 2921 2951 2996 3005 3034 3038 3082 3106 3120 3140 3150 3185 3198 3203 3204 3223 3224 3240 3252 3291 3299 3321 3344 3345 3355 3391 3403 3406 3416 3421 
3106 1684 2713 2716 2719 2720 2742 2748 2753 2793 2828 2849 2853 2901 2936 2951 2973 2989 2991 2992 3038 3046 3049 3051 3082 3089 3101 3116 3120 3146 3198 3201 3203 3224 3239 3240 3247 3252 3267 3291 3299 3320 3321 3330 3332 3342 3344 3345 3355 3386 3391 3397 3406 3416 3434 
3239 1684 2661 2674 2719 2720 2742 2770 2778 2793 2833 2849 2853 2863 2869 2939 2973 2991 3035 3049 3082 3101 3102 3106 3116 3120 3132 3146 3152 3201 3206 3224 3240 3247 3252 3267 3291 3320 3321 3330 3344 3345 3347 3351 3355 3381 3391 3397 3406 3416 3434 
3434 1684 2661 2674 2712 2716 2719 2753 2770 2778 2781 2793 2796 2828 2833 2849 2863 2901 2904 2936 2937 2939 2973 2989 2991 2992 3035 3038 3046 3049 3051 3076 3082 3101 3102 3106 3113 3116 3120 3132 3146 3152 3170 3172 3185 3198 3201 3204 3206 3212 3224 3239 3240 3247 3252 3280 3291 3299 3320 3321 3330 3332 3344 3345 3347 3351 3355 3360 3381 3386 3391 3396 3397 3406 3416 3422 
3101 1684 2661 2674 2712 2716 2719 2742 2748 2753 2770 2778 2781 2787 2793 2796 2828 2833 2849 2853 2863 2869 2901 2936 2937 2939 2973 2989 2991 2992 3005 3027 3034 3035 3038 3049 3051 3060 3076 3082 3089 3102 3106 3113 3116 3120 3132 3140 3145 3146 3150 3152 3185 3198 3201 3206 3224 3239 3240 3247 3252 3267 3280 3291 3302 3320 3330 3332 3344 3347 3350 3351 3355 3360 3366 3381 3391 3397 3403 3406 3416 3434 
3344 1684 2661 2674 2713 2719 2720 2742 2748 2753 2793 2828 2849 2853 2863 2901 2936 2939 2951 2973 2989 2992 3035 3038 3049 3051 3082 3089 3101 3102 3106 3116 3120 3132 3146 3150 3201 3206 3224 3239 3240 3247 3252 3267 3280 3291 3299 3320 3321 3330 3342 3345 3351 3355 3386 3391 3397 3406 3416 3434 
3345 1684 2665 2712 2716 2719 2720 2742 2748 2778 2793 2833 2849 2901 2904 2921 2951 2973 2989 2996 3034 3038 3046 3082 3089 3106 3120 3140 3198 3203 3212 3224 3239 3240 3252 3260 3291 3299 3320 3321 3330 3342 3344 3355 3360 3386 3391 3397 3403 3406 3434 
3185 1684 2661 2674 2719 2742 2770 2778 2796 2828 2833 2849 2863 2939 2991 3005 3035 3049 3051 3060 3076 3082 3101 3102 3116 3132 3145 3150 3152 3170 3172 3198 3201 3267 3272 3280 3287 3320 3342 3347 3350 3351 3360 3378 3396 3403 3409 3422 3434 
2742 1684 2661 2674 2712 2716 2719 2748 2753 2770 2778 2781 2793 2796 2828 2849 2863 2869 2901 2904 2937 2939 2973 2989 2991 2992 3027 3035 3038 3046 3049 3051 3060 3076 3082 3089 3101 3102 3106 3116 3120 3132 3140 3146 3150 3152 3172 3185 3198 3201 3206 3212 3224 3239 3240 3247 3252 3260 3267 3280 3291 3299 3320 3321 3330 3332 3344 3345 3347 3350 3351 3355 3360 3378 3391 3396 3397 3406 3416 
2748 1684 2712 2716 2742 2753 2772 2793 2853 2869 2901 2936 2973 2989 2991 3038 3046 3049 3051 3060 3076 3082 3089 3101 3106 3116 3140 3198 3224 3240 3247 3252 3291 3299 3302 3320 3321 3342 3344 3345 3350 3355 3360 3378 3386 3397 3406 
3189 1684 3198 3395 3406 
2870 1684 3009 3347 3406 
2720 1684 2716 2719 2753 2793 2936 2937 2973 2989 3009 3038 3051 3060 3076 3082 3087 3089 3106 3140 3198 3201 3224 3239 3240 3263 3291 3320 3321 3342 3344 3345 3355 3386 3397 3406 
2787 1684 2715 2734 2781 2793 2849 2863 2901 2904 2939 3027 3034 3038 3049 3082 3087 3101 3116 3150 3291 3302 3320 3321 3327 3342 3347 3395 3403 
3355 1684 2661 2719 2720 2742 2748 2753 2793 2833 2901 2936 2973 2989 2992 3035 3038 3051 3082 3089 3101 3106 3120 3132 3201 3206 3212 3224 3239 3240 3247 3252 3287 3291 3320 3321 3330 3332 3342 3344 3345 3350 3386 3391 3396 3397 3406 3434 
3351 1684 2661 2674 2712 2719 2742 2770 2778 2781 2793 2796 2828 2833 2849 2853 2863 2869 2901 2939 2973 2991 2996 3035 3038 3049 3051 3082 3101 3102 3113 3116 3120 3132 3145 3146 3150 3152 3172 3185 3198 3201 3204 3206 3224 3239 3247 3252 3267 3272 3280 3291 3299 3302 3321 3330 3344 3347 3360 3381 3391 3397 3416 3434 
3350 1684 2661 2674 2712 2716 2719 2742 2748 2753 2778 2781 2793 2796 2828 2833 2849 2869 2937 2991 3049 3051 3060 3076 3082 3101 3113 3116 3120 3132 3145 3150 3152 3170 3172 3185 3201 3272 3280 3302 3320 3332 3347 3355 3360 3381 3386 3396 
2973 1684 2661 2716 2719 2720 2742 2748 2753 2793 2828 2833 2849 2936 2937 2939 2989 2992 3035 3038 3046 3049 3051 3060 3082 3089 3101 3106 3116 3120 3132 3146 3152 3201 3206 3212 3223 3239 3240 3247 3252 3280 3291 3299 3320 3321 3330 3332 3344 3345 3347 3351 3355 3360 3386 3391 3396 3397 3406 3422 3434 
3051 1684 2674 2716 2719 2720 2742 2748 2753 2778 2793 2796 2828 2833 2863 2869 2901 2936 2937 2939 2951 2973 2989 2991 2992 3027 3035 3038 3060 3082 3101 3102 3106 3113 3116 3132 3140 3145 3152 3170 3172 3185 3198 3201 3204 3224 3240 3252 3260 3267 3280 3287 3291 3299 3320 3321 3330 3332 3344 3347 3350 3351 3355 3378 3381 3386 3396 3397 3406 3434 
3224 1684 2661 2665 2712 2713 2720 2742 2748 2793 2833 2901 2936 2937 2951 2992 2996 3038 3051 3082 3101 3106 3120 3203 3239 3240 3252 3260 3267 3291 3299 3321 3330 3342 3344 3345 3351 3355 3360 3386 3391 3397 3406 3421 3434 
3421 1684 2951 3038 3082 3203 3224 3240 3291 3299 3321 3327 3342 3406 
3113 1684 2674 2719 2778 2781 2796 2828 2833 2853 2863 2869 2901 2936 2939 2991 2992 3005 3027 3035 3049 3051 3060 3076 3082 3101 3120 3132 3145 3198 3201 3204 3252 3267 3272 3280 3291 3299 3320 3327 3347 3350 3351 3366 3378 3381 3391 3434 
3223 1684 2713 2973 3150 3342 3366 3406 
1684 1405 2661 2665 2674 2712 2713 2715 2716 2719 2720 2734 2742 2748 2753 2770 2772 2778 2781 2787 2793 2796 2828 2833 2849 2853 2863 2869 2870 2882 2901 2904 2921 2936 2937 2939 2951 2973 2989 2991 2992 2996 3005 3009 3027 3034 3035 3038 3046 3049 3051 3060 3076 3082 3087 3089 3101 3102 3106 3113 3116 3120 3132 3140 3145 3146 3150 3151 3152 3170 3172 3185 3189 3198 3201 3203 3204 3206 3212 3223 3224 3239 3240 3247 3252 3260 3263 3267 3272 3280 3287 3291 3299 3302 3307 3320 3321 3327 3330 3332 3342 3344 3345 3347 3350 3351 3355 3360 3366 3378 3381 3386 3391 3395 3396 3397 3403 3406 3409 3416 3421 3422 3434 
3198 1684 2661 2665 2712 2716 2720 2742 2748 2753 2793 2863 2901 2904 2921 2936 2951 2989 3005 3027 3035 3038 3051 3082 3101 3106 3113 3116 3120 3146 3150 3152 3172 3185 3189 3201 3204 3252 3291 3321 3330 3342 3345 3347 3351 3395 3397 3422 3434 
