2224 136 1577 1718 1912 1920 1926 1932 1940 1941 1945 1948 1954 1955 2007 2010 2026 2028 2032 2038 2039 2042 2047 2052 2053 2054 2062 2068 2071 2072 2081 2087 2102 2111 2117 2125 2127 2133 2135 2138 2143 2144 2148 2149 2151 2153 2163 2169 2174 2176 2180 2183 2187 2189 2191 2194 2196 2198 2199 2203 2223 2241 2246 2250 2254 2267 2268 2273 2279 2280 2282 2283 2289 2292 2294 2295 2302 2319 2327 2328 2330 2332 2333 2336 2338 2343 2344 2345 2347 2351 2367 2384 2398 2419 2420 2436 2445 2451 2458 2461 2463 2465 2471 2475 2491 2498 2501 2502 2508 2509 2510 2511 2512 2516 2519 2533 2543 2547 2555 2582 2588 2589 2598 2605 2616 2617 2629 2635 2643 2649 
2241 1577 1718 1912 1916 1920 1923 1926 1932 1939 1940 1945 1947 1948 1954 2002 2007 2010 2028 2032 2038 2039 2047 2052 2054 2068 2071 2072 2081 2087 2102 2111 2117 2125 2127 2132 2133 2134 2135 2138 2143 2144 2148 2149 2151 2153 2174 2176 2180 2183 2187 2189 2191 2194 2196 2198 2199 2203 2224 2232 2246 2247 2250 2254 2268 2273 2279 2282 2283 2285 2289 2292 2294 2302 2319 2328 2333 2336 2343 2344 2347 2351 2377 2384 2398 2399 2417 2419 2420 2434 2436 2445 2451 2463 2465 2471 2475 2498 2508 2509 2512 2516 2518 2533 2543 2555 2567 2582 2588 2589 2592 2594 2598 2599 2608 2616 2617 2629 2643 2649 
2072 136 1577 1718 1912 1920 1926 1932 1939 1941 1945 1947 1948 1954 1955 2007 2026 2032 2038 2039 2047 2052 2053 2054 2062 2068 2071 2081 2111 2117 2125 2127 2132 2133 2135 2138 2144 2153 2169 2174 2180 2183 2187 2189 2198 2199 2203 2223 2224 2232 2241 2247 2254 2268 2279 2280 2282 2283 2289 2292 2294 2319 2327 2328 2333 2336 2338 2344 2347 2377 2384 2398 2399 2417 2420 2434 2436 2445 2451 2458 2461 2463 2471 2491 2501 2508 2509 2510 2511 2516 2518 2533 2555 2589 2592 2594 2598 2608 2617 2629 2649 
2594 1577 1912 1926 1941 1945 1947 1954 1955 2026 2032 2038 2047 2052 2053 2054 2072 2081 2087 2111 2117 2125 2127 2132 2133 2138 2144 2153 2174 2176 2183 2189 2199 2223 2232 2241 2247 2254 2268 2280 2282 2283 2289 2319 2328 2333 2338 2344 2345 2367 2398 2417 2451 2458 2461 2471 2491 2508 2510 2511 2516 2518 2543 2555 2589 2598 2617 2649 
1718 136 1577 1912 1916 1920 1926 1932 1940 1945 1947 1948 1954 1955 2007 2010 2028 2032 2038 2042 2052 2054 2068 2071 2072 2081 2087 2102 2111 2117 2125 2127 2132 2133 2143 2144 2148 2149 2151 2153 2169 2174 2176 2180 2187 2189 2196 2198 2199 2203 2223 2224 2241 2246 2247 2250 2254 2267 2268 2282 2283 2289 2292 2294 2319 2328 2330 2333 2336 2343 2344 2399 2419 2436 2451 2461 2463 2471 2475 2491 2498 2508 2509 2510 2511 2512 2543 2547 2555 2582 2588 2589 2598 2616 2617 2629 2643 2649 
136 1718 1912 1926 1932 1939 1945 1955 2007 2032 2038 2039 2042 2054 2068 2071 2072 2081 2102 2111 2117 2127 2133 2135 2138 2143 2153 2174 2180 2183 2187 2189 2199 2203 2223 2224 2247 2250 2254 2267 2268 2279 2283 2289 2292 2302 2319 2327 2336 2384 2398 2417 2436 2445 2451 2458 2461 2463 2471 2475 2491 2498 2502 2508 2510 2511 2533 2543 2547 2589 2598 2617 2629 2635 2643 2649 
1948 1577 1718 1912 1920 1932 1939 1940 1941 1945 1947 1954 2007 2010 2026 2028 2032 2038 2039 2042 2047 2052 2053 2054 2068 2071 2072 2081 2087 2102 2111 2117 2125 2134 2135 2138 2143 2144 2148 2151 2153 2163 2169 2183 2187 2191 2194 2196 2199 2224 2241 2246 2247 2250 2267 2273 2279 2282 2283 2289 2292 2294 2295 2302 2319 2327 2328 2332 2333 2336 2338 2344 2347 2351 2377 2384 2420 2434 2436 2461 2463 2465 2471 2475 2491 2510 2511 2516 2533 2543 2555 2567 2582 2592 2598 2617 2629 2643 2649 
2327 136 1577 1912 1920 1926 1939 1940 1941 1945 1947 1948 1954 1955 2002 2026 2032 2038 2047 2053 2054 2062 2072 2081 2087 2102 2111 2117 2125 2127 2132 2148 2153 2169 2174 2180 2183 2187 2189 2194 2199 2223 2224 2232 2247 2254 2268 2273 2279 2280 2282 2283 2289 2294 2328 2332 2333 2338 2343 2344 2345 2351 2367 2377 2384 2398 2417 2419 2434 2436 2451 2458 2461 2463 2471 2491 2508 2509 2510 2511 2516 2533 2543 2547 2555 2567 2589 2592 2598 2617 2629 2643 2649 
1940 1577 1718 1912 1916 1920 1945 1948 1954 2007 2010 2026 2028 2032 2039 2042 2052 2054 2068 2071 2081 2087 2102 2117 2125 2127 2133 2135 2138 2143 2148 2149 2151 2153 2163 2169 2174 2176 2180 2187 2191 2194 2196 2199 2203 2224 2241 2246 2247 2250 2289 2292 2294 2295 2302 2319 2327 2328 2330 2333 2336 2338 2343 2344 2347 2351 2384 2417 2419 2436 2461 2463 2471 2475 2491 2498 2502 2509 2516 2533 2555 2582 2588 2589 2598 2616 2643 2649 
2328 1577 1718 1912 1916 1920 1923 1926 1939 1940 1941 1945 1947 1948 1954 1955 2007 2010 2026 2028 2032 2039 2042 2047 2052 2053 2054 2062 2068 2071 2072 2081 2087 2102 2111 2117 2125 2127 2132 2133 2138 2143 2148 2149 2151 2153 2163 2169 2174 2176 2180 2183 2187 2191 2194 2196 2198 2199 2203 2223 2224 2241 2246 2247 2250 2254 2273 2279 2280 2282 2283 2289 2292 2294 2302 2319 2327 2332 2333 2336 2338 2343 2344 2351 2377 2384 2398 2399 2419 2420 2434 2445 2451 2458 2461 2463 2471 2475 2491 2498 2501 2509 2510 2511 2512 2516 2533 2543 2555 2567 2582 2588 2592 2594 2598 2608 2616 2617 2629 2643 2649 
1947 1577 1718 1912 1916 1926 1932 1939 1941 1945 1948 1954 1955 2002 2007 2010 2028 2032 2052 2053 2054 2062 2068 2072 2081 2087 2102 2111 2117 2132 2133 2149 2151 2153 2169 2174 2180 2183 2196 2198 2199 2241 2246 2247 2267 2273 2279 2280 2282 2283 2292 2294 2319 2327 2328 2333 2336 2338 2344 2347 2377 2384 2399 2419 2434 2436 2451 2458 2461 2463 2471 2475 2491 2498 2501 2509 2510 2511 2512 2516 2518 2547 2555 2582 2588 2594 2598 2608 2616 2617 2629 
1945 136 1577 1718 1912 1916 1920 1923 1926 1932 1939 1940 1941 1947 1948 1954 1955 2002 2007 2010 2028 2032 2038 2039 2047 2052 2054 2068 2071 2072 2081 2087 2102 2111 2117 2125 2127 2133 2135 2138 2143 2144 2148 2149 2151 2153 2169 2174 2176 2183 2187 2189 2191 2194 2196 2199 2203 2223 2224 2232 2241 2246 2247 2250 2254 2268 2273 2280 2282 2283 2289 2292 2294 2302 2319 2327 2328 2330 2332 2333 2336 2338 2343 2344 2345 2347 2351 2367 2377 2384 2398 2399 2417 2419 2420 2434 2436 2445 2451 2458 2461 2463 2465 2471 2475 2491 2498 2508 2509 2510 2511 2512 2516 2518 2533 2543 2555 2567 2582 2588 2589 2592 2594 2598 2608 2616 2617 2629 2635 2643 2649 
2151 1577 1718 1912 1916 1920 1932 1940 1945 1947 1948 1954 2002 2007 2010 2032 2039 2042 2052 2054 2068 2071 2087 2102 2111 2125 2127 2133 2138 2143 2149 2153 2169 2174 2176 2180 2187 2189 2199 2203 2223 2224 2241 2246 2247 2250 2267 2273 2289 2292 2294 2319 2328 2336 2338 2343 2344 2347 2351 2377 2384 2399 2419 2436 2461 2463 2471 2475 2498 2509 2510 2512 2543 2567 2582 2588 2589 2598 2616 2629 2649 
2153 136 1577 1718 1912 1920 1926 1932 1940 1941 1945 1947 1948 1954 2002 2007 2010 2026 2028 2032 2039 2042 2047 2052 2053 2054 2068 2071 2072 2081 2087 2102 2111 2117 2125 2127 2133 2134 2135 2138 2143 2144 2148 2149 2151 2169 2174 2176 2180 2183 2187 2191 2194 2196 2199 2203 2223 2224 2241 2246 2247 2250 2254 2267 2268 2273 2279 2282 2283 2289 2292 2294 2302 2319 2327 2328 2332 2333 2336 2338 2343 2344 2347 2351 2377 2384 2398 2419 2420 2434 2451 2461 2463 2465 2471 2475 2491 2498 2508 2509 2510 2511 2533 2543 2547 2555 2567 2582 2588 2592 2594 2598 2599 2608 2616 2617 2629 2643 
2246 1577 1718 1912 1916 1920 1926 1932 1939 1940 1941 1945 1947 1948 2002 2010 2032 2047 2052 2054 2071 2081 2087 2102 2111 2117 2125 2127 2132 2133 2149 2151 2153 2169 2174 2176 2180 2183 2187 2196 2198 2199 2203 2224 2241 2247 2268 2273 2282 2283 2289 2294 2302 2328 2333 2343 2344 2347 2351 2377 2384 2419 2434 2461 2463 2471 2475 2491 2498 2509 2510 2511 2512 2518 2543 2555 2567 2582 2588 2592 2598 2616 2617 2629 2643 
2247 136 1577 1718 1912 1916 1920 1923 1926 1932 1939 1940 1941 1945 1947 1948 1955 2002 2007 2010 2026 2028 2032 2047 2052 2053 2054 2068 2071 2072 2081 2087 2111 2117 2125 2132 2133 2135 2148 2149 2151 2153 2169 2174 2176 2180 2183 2187 2194 2196 2198 2199 2241 2246 2254 2267 2273 2282 2283 2285 2289 2292 2294 2302 2327 2328 2332 2333 2336 2343 2344 2347 2377 2384 2398 2399 2419 2434 2458 2461 2463 2471 2475 2491 2498 2509 2510 2511 2516 2518 2543 2555 2567 2582 2588 2592 2594 2598 2608 2616 2629 2643 
2010 1577 1718 1912 1916 1920 1932 1940 1945 1947 1948 1954 2002 2007 2028 2032 2039 2047 2052 2054 2068 2071 2081 2087 2102 2111 2125 2133 2143 2149 2151 2153 2169 2174 2176 2183 2187 2194 2196 2199 2203 2224 2241 2246 2247 2250 2254 2267 2273 2282 2283 2289 2292 2294 2328 2333 2336 2343 2344 2347 2351 2377 2384 2399 2419 2461 2463 2471 2475 2498 2509 2512 2516 2555 2567 2582 2588 2592 2598 2616 2629 2649 
2465 1577 1912 1920 1932 1941 1945 1948 2028 2032 2039 2047 2054 2071 2081 2087 2111 2117 2134 2138 2144 2148 2153 2180 2183 2187 2191 2194 2196 2199 2224 2241 2282 2283 2292 2302 2332 2333 2338 2351 2384 2420 2471 2510 2533 2543 2555 2567 2588 2592 2598 2599 2629 2643 
2461 136 1577 1718 1912 1916 1920 1926 1932 1940 1941 1945 1947 1948 1954 1955 2002 2007 2010 2026 2028 2032 2039 2047 2052 2053 2054 2068 2071 2072 2081 2087 2102 2111 2117 2125 2132 2133 2138 2143 2148 2149 2151 2153 2169 2174 2176 2180 2183 2187 2194 2196 2198 2199 2203 2224 2246 2247 2250 2267 2273 2279 2282 2283 2285 2289 2292 2294 2302 2319 2327 2328 2333 2336 2338 2343 2344 2345 2351 2367 2377 2384 2398 2399 2419 2434 2463 2471 2475 2491 2498 2508 2509 2510 2511 2512 2543 2555 2567 2582 2588 2594 2598 2608 2616 2617 2629 2643 2649 
2463 136 1577 1718 1912 1916 1920 1926 1932 1940 1945 1947 1948 1954 1955 2002 2007 2010 2028 2032 2038 2039 2042 2052 2053 2054 2068 2071 2072 2081 2087 2102 2111 2117 2125 2127 2133 2134 2135 2138 2143 2144 2148 2149 2151 2153 2169 2174 2176 2187 2189 2194 2196 2198 2199 2203 2223 2224 2241 2246 2247 2250 2254 2267 2268 2273 2279 2282 2283 2289 2292 2294 2302 2319 2327 2328 2330 2332 2333 2336 2343 2344 2347 2351 2377 2384 2398 2399 2419 2436 2445 2451 2461 2471 2475 2491 2498 2508 2509 2510 2511 2512 2516 2533 2543 2547 2567 2582 2588 2589 2592 2598 2616 2617 2629 2643 2649 
2451 136 1577 1718 1912 1926 1939 1941 1945 1947 1955 2007 2026 2032 2038 2053 2054 2062 2068 2071 2072 2081 2087 2102 2111 2125 2127 2132 2133 2134 2138 2143 2144 2153 2169 2174 2180 2183 2187 2189 2191 2199 2223 2224 2241 2254 2268 2279 2280 2282 2283 2289 2292 2294 2319 2327 2328 2330 2333 2336 2344 2347 2377 2384 2398 2420 2434 2436 2445 2458 2463 2471 2491 2508 2509 2510 2511 2512 2533 2543 2589 2592 2594 2598 2608 2617 2649 
1955 136 1718 1912 1920 1926 1941 1945 1947 2007 2026 2032 2038 2039 2053 2068 2071 2072 2081 2087 2111 2117 2125 2127 2133 2138 2144 2169 2174 2180 2183 2187 2189 2199 2203 2223 2224 2247 2250 2254 2268 2279 2283 2289 2294 2302 2319 2327 2328 2330 2333 2336 2338 2345 2384 2398 2419 2420 2436 2445 2451 2458 2461 2463 2491 2508 2509 2510 2511 2533 2547 2555 2589 2592 2594 2598 2608 2616 2617 2629 2643 2649 
1954 1577 1718 1912 1916 1926 1940 1945 1947 1948 2010 2032 2052 2054 2068 2072 2087 2102 2111 2117 2125 2133 2138 2143 2149 2151 2153 2169 2174 2176 2180 2187 2196 2199 2203 2224 2241 2250 2268 2273 2289 2292 2294 2327 2328 2336 2338 2343 2344 2347 2377 2461 2463 2471 2475 2491 2498 2508 2509 2555 2582 2588 2594 2598 2629 2649 
2399 1718 1912 1916 1920 1939 1945 1947 2002 2007 2010 2032 2052 2053 2054 2072 2081 2111 2125 2132 2133 2134 2149 2151 2163 2169 2194 2199 2203 2241 2247 2250 2273 2279 2282 2283 2294 2328 2332 2333 2344 2347 2377 2384 2398 2419 2434 2458 2461 2463 2471 2475 2509 2511 2512 2516 2519 2555 2582 2598 2608 2616 2617 2649 
2498 136 1577 1718 1912 1916 1923 1926 1940 1945 1947 1954 2002 2007 2010 2026 2032 2038 2039 2047 2052 2054 2068 2071 2087 2102 2111 2125 2127 2133 2143 2149 2151 2153 2169 2174 2176 2180 2187 2191 2196 2199 2203 2223 2224 2241 2246 2247 2250 2254 2268 2273 2289 2292 2294 2319 2328 2333 2336 2343 2344 2351 2377 2384 2419 2436 2461 2463 2471 2475 2509 2512 2567 2582 2588 2592 2598 2616 2649 
2555 1577 1718 1912 1916 1920 1926 1932 1940 1941 1945 1947 1948 1954 1955 2002 2007 2010 2026 2028 2032 2038 2039 2042 2047 2052 2053 2054 2068 2071 2072 2081 2087 2102 2111 2117 2125 2127 2132 2133 2134 2135 2138 2143 2144 2148 2149 2153 2176 2180 2183 2187 2189 2191 2194 2196 2199 2223 2224 2241 2246 2247 2250 2267 2268 2273 2279 2282 2283 2285 2289 2292 2302 2327 2328 2332 2333 2336 2338 2344 2345 2347 2351 2377 2384 2398 2399 2420 2458 2461 2465 2471 2475 2491 2508 2509 2510 2511 2516 2533 2543 2547 2567 2582 2589 2592 2594 2598 2599 2608 2617 2629 2643 2649 
2319 136 1577 1718 1912 1920 1926 1939 1940 1941 1945 1947 1948 1955 2002 2007 2026 2032 2038 2039 2047 2052 2054 2062 2068 2071 2072 2081 2087 2111 2117 2125 2127 2132 2133 2134 2135 2138 2143 2144 2149 2151 2153 2174 2183 2187 2189 2191 2194 2196 2198 2199 2203 2223 2224 2241 2250 2254 2268 2279 2282 2283 2289 2292 2302 2328 2330 2333 2336 2338 2343 2344 2347 2351 2384 2398 2419 2420 2436 2445 2451 2458 2461 2463 2471 2475 2491 2498 2508 2510 2511 2512 2516 2533 2543 2567 2589 2592 2594 2598 2616 2617 2629 2643 2649 
2491 136 1577 1718 1912 1923 1926 1940 1941 1945 1947 1948 1954 1955 2007 2032 2038 2042 2047 2052 2053 2054 2068 2071 2072 2081 2087 2102 2111 2117 2127 2132 2133 2138 2143 2144 2149 2153 2169 2174 2180 2183 2187 2189 2194 2196 2199 2203 2223 2224 2232 2246 2247 2250 2254 2268 2279 2280 2282 2283 2289 2292 2294 2302 2319 2327 2328 2330 2333 2336 2343 2345 2347 2351 2384 2398 2417 2419 2436 2445 2451 2458 2461 2463 2471 2508 2509 2510 2511 2543 2555 2588 2589 2592 2594 2598 2608 2616 2617 2629 2635 2643 2649 
2068 136 1577 1718 1912 1920 1926 1932 1939 1940 1941 1945 1947 1948 1954 1955 2002 2010 2026 2028 2032 2038 2039 2042 2047 2052 2053 2054 2071 2072 2081 2087 2102 2111 2117 2125 2127 2132 2133 2134 2135 2138 2143 2144 2149 2151 2153 2169 2174 2176 2180 2183 2187 2189 2191 2194 2196 2198 2199 2203 2223 2224 2232 2241 2247 2254 2268 2279 2280 2282 2283 2289 2294 2302 2319 2328 2330 2332 2333 2338 2343 2344 2345 2347 2367 2377 2384 2398 2417 2419 2434 2436 2445 2451 2458 2461 2463 2471 2475 2491 2498 2508 2510 2511 2512 2533 2543 2555 2567 2582 2588 2589 2592 2598 2616 2617 2629 2643 2649 
2144 1577 1718 1912 1920 1932 1941 1945 1948 1955 2007 2032 2038 2039 2047 2054 2068 2071 2072 2081 2087 2111 2117 2127 2133 2138 2148 2153 2174 2183 2187 2189 2191 2194 2196 2199 2223 2224 2241 2254 2268 2282 2283 2289 2292 2319 2330 2332 2333 2336 2351 2384 2398 2436 2445 2451 2463 2465 2471 2491 2510 2511 2543 2555 2589 2592 2594 2598 2599 2616 2617 2643 2649 
2143 136 1577 1718 1912 1916 1940 1945 1948 1954 2002 2010 2028 2032 2042 2052 2054 2068 2071 2087 2102 2125 2133 2135 2149 2151 2153 2169 2174 2176 2180 2187 2198 2199 2203 2224 2241 2250 2273 2279 2283 2289 2292 2294 2302 2319 2328 2336 2343 2377 2384 2420 2436 2451 2461 2463 2471 2475 2491 2498 2509 2510 2511 2512 2533 2543 2555 2567 2582 2588 2592 2598 2616 2629 2649 
2039 136 1577 1912 1916 1920 1926 1932 1940 1941 1945 1948 1955 2007 2010 2028 2032 2038 2047 2052 2053 2054 2068 2071 2072 2081 2087 2102 2111 2117 2127 2134 2135 2138 2144 2148 2149 2151 2153 2169 2176 2180 2183 2187 2189 2191 2194 2196 2199 2203 2223 2224 2232 2241 2250 2254 2267 2268 2273 2279 2282 2283 2289 2292 2302 2319 2328 2332 2333 2336 2338 2347 2351 2384 2417 2420 2445 2461 2463 2465 2471 2475 2498 2508 2510 2511 2512 2543 2555 2567 2582 2588 2592 2598 2616 2629 2643 
2417 136 1577 1912 1926 1940 1945 2007 2032 2038 2039 2047 2068 2072 2102 2111 2133 2134 2135 2138 2148 2180 2187 2189 2194 2196 2199 2223 2232 2241 2268 2279 2289 2292 2327 2330 2336 2384 2471 2491 2508 2543 2594 2598 2608 2649 
2419 1577 1718 1912 1916 1923 1926 1940 1945 1947 1955 2002 2007 2010 2032 2038 2047 2054 2068 2081 2102 2111 2117 2125 2127 2132 2133 2149 2151 2153 2169 2174 2176 2187 2189 2196 2198 2199 2224 2241 2246 2247 2250 2254 2268 2273 2282 2289 2292 2294 2319 2327 2328 2333 2336 2343 2344 2347 2377 2398 2399 2434 2436 2445 2461 2463 2471 2475 2491 2498 2509 2510 2511 2512 2516 2518 2519 2582 2588 2589 2598 2608 2616 2617 2629 2649 
2062 1577 1912 1920 1939 1947 2002 2054 2072 2081 2111 2125 2132 2183 2224 2279 2280 2282 2283 2319 2327 2328 2333 2338 2344 2347 2351 2384 2398 2420 2434 2451 2458 2501 2509 2511 2543 2592 2598 2617 2629 
2254 136 1718 1912 1923 1926 1945 1955 2007 2010 2032 2038 2039 2042 2047 2053 2068 2071 2072 2081 2087 2102 2111 2117 2127 2133 2134 2138 2144 2149 2153 2174 2176 2180 2187 2189 2198 2199 2223 2224 2241 2247 2267 2268 2279 2282 2285 2289 2319 2327 2328 2330 2336 2343 2344 2398 2419 2436 2445 2451 2458 2463 2471 2475 2491 2498 2508 2509 2510 2511 2512 2547 2589 2594 2598 2608 2616 2617 2649 
2398 136 1577 1912 1920 1926 1932 1941 1945 1955 2007 2026 2032 2038 2047 2053 2054 2062 2068 2071 2072 2081 2087 2111 2125 2127 2133 2134 2138 2144 2148 2149 2153 2169 2174 2180 2183 2187 2189 2199 2223 2224 2241 2247 2250 2254 2268 2279 2283 2285 2289 2319 2327 2328 2336 2338 2347 2351 2384 2399 2419 2420 2436 2445 2451 2458 2461 2463 2471 2491 2501 2508 2510 2511 2512 2518 2533 2543 2547 2555 2567 2582 2589 2592 2594 2598 2608 2616 2617 2629 2649 
2148 1577 1718 1912 1920 1932 1940 1941 1945 1948 2007 2028 2032 2039 2042 2047 2052 2054 2071 2081 2087 2102 2111 2117 2125 2127 2134 2138 2144 2153 2174 2180 2183 2187 2191 2194 2196 2199 2224 2241 2247 2279 2282 2283 2289 2292 2295 2302 2327 2328 2332 2333 2336 2338 2347 2351 2384 2398 2417 2458 2461 2463 2465 2509 2510 2516 2533 2543 2555 2567 2592 2598 2599 2629 2635 2643 2649 
2475 136 1577 1718 1912 1916 1920 1923 1926 1932 1939 1940 1941 1945 1947 1948 1954 2002 2007 2010 2026 2028 2032 2039 2047 2052 2054 2068 2081 2087 2102 2111 2117 2125 2132 2133 2135 2143 2149 2151 2153 2169 2174 2176 2183 2187 2191 2194 2196 2199 2203 2224 2241 2246 2247 2250 2254 2267 2273 2282 2289 2294 2302 2319 2328 2332 2333 2338 2343 2344 2347 2351 2377 2399 2419 2436 2461 2463 2471 2498 2508 2509 2512 2516 2555 2582 2588 2598 2629 2649 
2471 136 1577 1718 1912 1916 1920 1926 1932 1939 1940 1945 1947 1948 1954 2002 2007 2010 2028 2032 2038 2039 2047 2052 2068 2071 2072 2081 2087 2102 2111 2117 2125 2127 2132 2133 2134 2138 2143 2144 2149 2151 2153 2169 2174 2176 2183 2187 2189 2191 2194 2196 2198 2199 2203 2223 2224 2232 2241 2246 2247 2250 2254 2268 2273 2279 2282 2283 2289 2292 2294 2302 2319 2327 2328 2333 2336 2343 2344 2347 2351 2377 2384 2398 2399 2417 2419 2434 2436 2445 2451 2461 2463 2465 2475 2491 2498 2508 2509 2510 2511 2512 2516 2518 2519 2533 2543 2555 2567 2582 2588 2589 2592 2594 2598 2608 2616 2617 2629 2643 2649 
2289 136 1577 1718 1912 1916 1923 1926 1932 1940 1945 1948 1954 1955 2007 2010 2026 2028 2032 2038 2039 2047 2052 2053 2054 2068 2071 2072 2081 2087 2102 2111 2125 2127 2133 2134 2138 2143 2144 2148 2149 2151 2153 2169 2174 2176 2180 2183 2187 2189 2191 2194 2196 2199 2203 2223 2224 2232 2241 2246 2247 2250 2254 2268 2273 2282 2283 2292 2294 2302 2319 2327 2328 2330 2333 2336 2343 2347 2351 2367 2377 2384 2398 2417 2419 2436 2445 2451 2461 2463 2471 2475 2491 2498 2508 2509 2510 2511 2512 2533 2543 2555 2567 2582 2588 2589 2594 2598 2608 2616 2617 2629 2643 2649 
1920 1577 1718 1912 1932 1939 1940 1941 1945 1948 1955 2007 2010 2028 2032 2038 2039 2042 2047 2052 2053 2054 2062 2068 2071 2072 2081 2087 2102 2111 2117 2125 2127 2134 2135 2138 2144 2148 2149 2151 2153 2180 2183 2187 2191 2194 2196 2199 2223 2224 2241 2246 2247 2250 2267 2279 2282 2283 2285 2292 2294 2302 2319 2327 2328 2332 2333 2336 2338 2343 2347 2351 2384 2398 2399 2420 2434 2458 2461 2463 2465 2471 2475 2502 2508 2509 2510 2511 2512 2516 2533 2543 2547 2555 2567 2582 2592 2598 2608 2616 2617 2629 2643 2649 
1923 1912 1945 2032 2038 2047 2117 2133 2163 2174 2176 2241 2247 2254 2273 2289 2328 2419 2434 2475 2491 2498 2511 2518 
1926 136 1718 1912 1932 1941 1945 1947 1954 1955 2002 2007 2026 2032 2038 2039 2047 2053 2054 2068 2071 2072 2081 2087 2102 2111 2125 2127 2133 2134 2138 2149 2153 2169 2174 2176 2183 2187 2189 2191 2194 2199 2223 2224 2232 2241 2246 2247 2254 2267 2268 2273 2279 2280 2282 2283 2285 2289 2292 2302 2319 2327 2328 2333 2336 2338 2345 2347 2367 2384 2398 2417 2419 2451 2458 2461 2463 2471 2475 2491 2498 2508 2509 2510 2511 2543 2547 2555 2567 2589 2594 2598 2608 2617 2649 
2543 136 1577 1718 1912 1920 1926 1932 1939 1941 1945 1948 2007 2026 2028 2032 2038 2039 2042 2047 2052 2053 2054 2062 2068 2071 2081 2087 2102 2111 2117 2125 2127 2133 2134 2135 2138 2143 2144 2148 2149 2151 2153 2163 2176 2180 2183 2187 2189 2191 2194 2196 2199 2223 2224 2232 2241 2246 2247 2250 2268 2279 2282 2283 2285 2289 2292 2295 2302 2319 2327 2328 2332 2333 2336 2338 2347 2351 2384 2398 2417 2420 2436 2451 2458 2461 2463 2465 2471 2491 2501 2502 2508 2510 2511 2512 2516 2519 2533 2555 2567 2582 2588 2592 2594 2598 2599 2605 2608 2629 2643 2649 
2547 136 1577 1718 1912 1920 1926 1941 1947 1955 2007 2026 2053 2071 2081 2087 2102 2111 2149 2153 2174 2180 2199 2203 2224 2232 2254 2267 2268 2282 2285 2294 2302 2327 2336 2338 2347 2398 2458 2463 2509 2510 2555 2617 
2302 136 1577 1912 1920 1926 1932 1940 1941 1945 1948 1955 2007 2028 2032 2038 2039 2042 2047 2052 2053 2054 2068 2071 2081 2087 2102 2111 2117 2125 2127 2133 2134 2135 2138 2143 2148 2149 2153 2169 2180 2183 2187 2191 2194 2196 2199 2203 2224 2241 2246 2247 2250 2267 2268 2273 2279 2282 2283 2285 2289 2292 2319 2328 2330 2332 2333 2336 2338 2347 2351 2377 2384 2420 2436 2461 2463 2465 2471 2475 2491 2502 2510 2511 2512 2533 2543 2547 2555 2567 2592 2598 2629 2643 
2268 136 1577 1718 1912 1926 1945 1954 1955 2002 2007 2026 2032 2038 2039 2042 2047 2068 2071 2072 2087 2102 2111 2117 2127 2133 2134 2135 2144 2149 2153 2174 2180 2187 2189 2196 2203 2223 2224 2232 2241 2246 2250 2254 2267 2279 2283 2285 2289 2292 2302 2319 2327 2330 2336 2384 2398 2417 2419 2436 2445 2451 2458 2463 2471 2491 2498 2502 2508 2510 2511 2512 2516 2533 2543 2547 2555 2567 2582 2588 2589 2592 2594 2598 2608 2616 2617 2629 2635 2649 
2176 1577 1718 1912 1916 1923 1926 1940 1945 1954 2007 2010 2026 2028 2032 2038 2039 2047 2052 2054 2068 2071 2081 2087 2102 2111 2125 2127 2133 2138 2143 2149 2151 2153 2169 2174 2180 2187 2194 2196 2199 2203 2224 2241 2246 2247 2250 2254 2267 2273 2282 2289 2292 2294 2328 2333 2336 2343 2344 2351 2377 2384 2419 2461 2463 2471 2475 2498 2509 2512 2543 2555 2567 2582 2588 2592 2594 2598 2608 2616 2649 
2384 136 1577 1912 1916 1920 1926 1932 1939 1940 1941 1945 1947 1948 1955 2007 2010 2026 2028 2032 2038 2039 2042 2047 2052 2053 2054 2062 2068 2071 2072 2081 2087 2102 2111 2117 2125 2127 2132 2133 2134 2135 2138 2143 2144 2148 2149 2151 2153 2169 2174 2176 2180 2183 2187 2189 2191 2194 2196 2198 2199 2203 2223 2224 2232 2241 2246 2247 2250 2267 2268 2273 2279 2280 2282 2283 2289 2292 2294 2302 2319 2327 2328 2330 2332 2333 2336 2338 2343 2344 2347 2351 2377 2398 2399 2417 2420 2434 2436 2445 2451 2458 2461 2463 2465 2471 2491 2498 2501 2502 2508 2509 2510 2511 2512 2516 2533 2543 2555 2567 2582 2588 2589 2592 2598 2608 2616 2617 2629 2643 2649 
2174 136 1577 1718 1912 1916 1923 1926 1940 1945 1947 1954 1955 2007 2010 2028 2032 2038 2047 2052 2054 2068 2071 2072 2081 2087 2102 2111 2117 2125 2127 2133 2135 2138 2143 2144 2148 2149 2151 2153 2169 2176 2180 2183 2187 2189 2194 2199 2203 2223 2224 2241 2246 2247 2250 2254 2267 2268 2279 2283 2285 2289 2292 2294 2319 2327 2328 2330 2336 2338 2343 2377 2384 2398 2419 2434 2436 2445 2451 2458 2461 2463 2471 2475 2491 2498 2508 2509 2510 2511 2512 2547 2582 2588 2589 2594 2598 2608 2616 2617 2643 2649 
2071 136 1577 1718 1912 1920 1926 1932 1940 1941 1945 1948 1955 2007 2010 2028 2032 2039 2047 2052 2053 2054 2068 2072 2081 2087 2102 2111 2117 2125 2127 2133 2134 2135 2138 2143 2144 2148 2149 2151 2153 2174 2176 2180 2183 2187 2189 2191 2194 2196 2199 2223 2224 2241 2246 2247 2250 2254 2267 2268 2273 2279 2282 2283 2285 2289 2292 2302 2319 2328 2330 2332 2333 2336 2338 2344 2347 2351 2377 2384 2398 2420 2436 2451 2458 2461 2463 2465 2471 2491 2498 2510 2511 2512 2516 2533 2543 2547 2555 2567 2588 2589 2592 2598 2599 2629 2643 2649 
2267 136 1577 1718 1912 1920 1926 1947 1948 2002 2007 2010 2026 2038 2039 2047 2054 2071 2081 2087 2102 2111 2133 2135 2138 2151 2153 2174 2176 2180 2183 2187 2203 2224 2232 2247 2254 2268 2273 2282 2283 2285 2292 2294 2302 2336 2338 2351 2377 2384 2458 2461 2463 2475 2502 2509 2510 2511 2547 2555 2567 2589 2592 2617 
2605 1577 1912 2002 2028 2125 2223 2224 2502 2516 2543 2643 2649 
2445 136 1577 1912 1932 1945 1955 2007 2032 2038 2039 2042 2047 2054 2068 2072 2081 2087 2111 2127 2133 2138 2144 2149 2174 2187 2203 2223 2224 2232 2241 2250 2254 2268 2279 2283 2289 2319 2328 2330 2336 2384 2398 2419 2436 2451 2458 2463 2471 2491 2508 2510 2511 2533 2567 2589 2598 2616 2617 2649 
2280 1912 1926 1939 1941 1945 1947 2032 2053 2054 2062 2068 2072 2081 2102 2132 2199 2223 2224 2232 2282 2283 2294 2327 2328 2333 2336 2345 2367 2384 2434 2451 2458 2491 2501 2511 2518 2592 2594 2598 2608 2617 2635 
2282 1577 1718 1912 1916 1920 1926 1932 1939 1941 1945 1947 1948 2002 2007 2010 2026 2028 2032 2039 2042 2047 2052 2053 2054 2062 2068 2071 2072 2081 2087 2102 2111 2117 2125 2132 2133 2135 2138 2144 2148 2149 2153 2176 2180 2183 2187 2191 2194 2196 2198 2199 2223 2224 2241 2246 2247 2254 2267 2273 2279 2280 2283 2285 2289 2292 2294 2302 2319 2327 2328 2332 2333 2336 2338 2343 2344 2347 2351 2377 2384 2399 2419 2420 2434 2451 2458 2461 2463 2465 2471 2475 2491 2501 2509 2510 2511 2512 2516 2533 2543 2547 2555 2567 2582 2588 2592 2594 2598 2608 2616 2617 2629 2643 2649 
2283 136 1577 1718 1912 1916 1920 1926 1932 1939 1941 1945 1947 1948 1955 2002 2007 2010 2026 2028 2032 2038 2039 2042 2047 2052 2053 2054 2062 2068 2071 2072 2081 2087 2102 2111 2117 2125 2127 2133 2134 2135 2138 2143 2144 2148 2149 2153 2163 2169 2174 2180 2183 2187 2189 2191 2194 2196 2198 2199 2223 2224 2241 2246 2247 2267 2268 2273 2279 2280 2282 2289 2292 2294 2302 2319 2327 2328 2332 2333 2336 2338 2343 2344 2347 2351 2384 2398 2399 2420 2436 2445 2451 2458 2461 2463 2465 2471 2491 2501 2502 2508 2509 2510 2511 2516 2518 2519 2533 2543 2555 2567 2582 2588 2589 2592 2594 2598 2608 2616 2617 2629 2643 2649 
2608 1577 1912 1920 1926 1939 1941 1945 1947 1955 2026 2028 2032 2038 2047 2053 2054 2072 2081 2087 2111 2127 2133 2138 2149 2153 2169 2174 2176 2183 2187 2189 2194 2199 2223 2232 2241 2247 2254 2268 2273 2279 2280 2282 2283 2285 2289 2294 2328 2332 2333 2367 2384 2398 2399 2417 2419 2451 2458 2461 2471 2491 2508 2509 2510 2511 2543 2555 2589 2592 2598 2617 2629 2649 
2285 1577 1912 1920 1926 1941 2007 2032 2038 2053 2071 2102 2111 2134 2174 2180 2187 2189 2194 2241 2247 2254 2267 2268 2273 2282 2294 2302 2333 2336 2338 2351 2377 2398 2461 2508 2510 2511 2543 2547 2555 2567 2588 2608 2617 2629 
1932 136 1577 1718 1912 1916 1920 1926 1941 1945 1947 1948 2002 2007 2010 2028 2032 2039 2042 2047 2052 2068 2071 2072 2081 2087 2111 2117 2125 2127 2134 2135 2138 2144 2148 2149 2151 2153 2180 2183 2187 2189 2191 2194 2196 2199 2223 2224 2241 2246 2247 2279 2282 2283 2289 2292 2302 2332 2333 2336 2338 2347 2351 2384 2398 2420 2445 2461 2463 2465 2471 2475 2508 2510 2511 2512 2516 2533 2543 2555 2567 2582 2589 2592 2598 2629 2643 2649 
2052 1577 1718 1912 1916 1920 1932 1939 1940 1941 1945 1947 1948 1954 2002 2007 2010 2028 2038 2039 2042 2047 2053 2054 2068 2071 2072 2081 2087 2102 2111 2117 2125 2132 2133 2138 2143 2148 2149 2151 2153 2169 2174 2176 2183 2187 2194 2196 2199 2203 2224 2241 2246 2247 2250 2273 2279 2282 2283 2289 2292 2294 2302 2319 2328 2332 2333 2336 2338 2343 2344 2347 2351 2377 2384 2399 2420 2458 2461 2463 2471 2475 2491 2498 2509 2510 2511 2516 2543 2555 2582 2588 2592 2594 2598 2616 2629 2643 2649 
1939 136 1912 1916 1920 1945 1947 1948 2032 2052 2053 2054 2062 2068 2072 2081 2111 2125 2132 2180 2183 2199 2241 2246 2247 2273 2280 2282 2283 2292 2294 2319 2327 2328 2332 2333 2344 2377 2384 2399 2434 2451 2458 2471 2475 2501 2509 2511 2518 2543 2582 2598 2608 2617 2643 
2047 1577 1912 1920 1923 1926 1932 1941 1945 1948 2007 2010 2028 2032 2038 2039 2042 2052 2053 2068 2071 2072 2081 2087 2102 2111 2125 2127 2133 2134 2135 2138 2144 2148 2149 2153 2169 2174 2176 2180 2183 2187 2189 2191 2194 2196 2199 2203 2223 2224 2232 2241 2246 2247 2250 2254 2267 2268 2273 2279 2282 2283 2289 2292 2302 2319 2327 2328 2332 2333 2336 2338 2344 2345 2347 2351 2367 2384 2398 2417 2419 2420 2436 2445 2458 2461 2465 2471 2475 2491 2498 2508 2509 2510 2511 2512 2516 2533 2543 2555 2567 2582 2588 2589 2592 2594 2598 2608 2616 2629 2643 2649 
2042 136 1577 1718 1912 1916 1920 1932 1940 1941 1948 2028 2032 2047 2052 2054 2068 2081 2087 2102 2111 2117 2125 2133 2135 2138 2143 2148 2149 2151 2153 2169 2180 2183 2187 2191 2194 2196 2199 2203 2223 2224 2250 2254 2268 2279 2282 2283 2292 2302 2328 2332 2333 2336 2338 2347 2351 2384 2420 2434 2436 2445 2458 2463 2491 2502 2508 2510 2511 2516 2533 2543 2555 2567 2582 2592 2598 2629 2643 2649 
2273 1577 1912 1916 1923 1926 1939 1945 1947 1948 1954 2002 2010 2028 2032 2039 2047 2052 2053 2054 2071 2081 2087 2102 2111 2117 2125 2132 2133 2134 2138 2143 2149 2151 2153 2169 2176 2183 2187 2191 2194 2196 2198 2199 2203 2224 2241 2246 2247 2250 2267 2282 2283 2285 2289 2292 2294 2302 2327 2328 2333 2343 2344 2347 2351 2377 2384 2399 2419 2461 2463 2471 2475 2498 2509 2512 2516 2518 2519 2555 2567 2582 2588 2598 2608 2616 2629 2643 2649 
2028 1577 1718 1912 1916 1920 1932 1940 1941 1945 1947 1948 2010 2032 2039 2042 2047 2052 2053 2054 2068 2071 2081 2087 2102 2111 2117 2125 2133 2134 2135 2138 2143 2148 2149 2153 2163 2174 2176 2180 2183 2187 2191 2194 2196 2199 2223 2224 2241 2247 2250 2273 2279 2282 2283 2289 2292 2294 2295 2302 2328 2330 2332 2333 2336 2338 2347 2351 2384 2420 2461 2463 2465 2471 2475 2502 2509 2510 2512 2516 2519 2533 2543 2555 2567 2582 2588 2592 2598 2605 2608 2616 2629 2643 2649 
2279 136 1577 1912 1920 1926 1932 1941 1947 1948 1955 2002 2007 2026 2028 2032 2038 2039 2042 2047 2052 2053 2054 2062 2068 2071 2072 2081 2087 2102 2111 2117 2125 2127 2133 2134 2135 2138 2143 2148 2149 2153 2169 2174 2180 2183 2187 2189 2191 2194 2196 2198 2199 2223 2224 2241 2250 2254 2268 2282 2283 2292 2302 2319 2327 2328 2330 2332 2333 2336 2338 2345 2347 2351 2384 2398 2399 2417 2420 2434 2436 2445 2451 2458 2461 2463 2471 2491 2508 2509 2510 2511 2512 2516 2533 2543 2555 2567 2582 2589 2592 2598 2608 2617 2629 2643 2649 
2169 1577 1718 1912 1916 1926 1940 1941 1945 1947 1948 1954 1955 2002 2007 2010 2032 2038 2039 2042 2047 2052 2054 2068 2072 2087 2102 2111 2117 2125 2132 2133 2134 2138 2143 2149 2151 2153 2174 2176 2180 2183 2187 2189 2194 2196 2198 2199 2203 2224 2246 2247 2250 2273 2279 2283 2289 2292 2294 2295 2302 2327 2328 2332 2336 2338 2343 2344 2347 2377 2384 2398 2399 2419 2434 2436 2451 2461 2463 2471 2475 2491 2498 2502 2509 2511 2512 2516 2519 2582 2588 2589 2592 2598 2608 2616 2617 2629 2643 2649 
2149 1577 1718 1912 1916 1920 1926 1932 1940 1945 1947 1954 2002 2007 2010 2028 2032 2038 2039 2042 2047 2052 2054 2068 2071 2081 2087 2102 2111 2117 2125 2127 2132 2133 2134 2138 2143 2151 2153 2169 2174 2176 2183 2187 2189 2194 2196 2198 2199 2203 2223 2224 2241 2246 2247 2250 2254 2268 2273 2279 2282 2283 2289 2292 2294 2302 2319 2328 2330 2332 2333 2336 2338 2343 2344 2347 2351 2384 2398 2399 2419 2434 2436 2445 2461 2463 2471 2475 2491 2498 2508 2509 2510 2512 2516 2519 2533 2543 2547 2555 2582 2588 2592 2598 2608 2616 2617 2629 2643 2649 
2250 136 1577 1718 1912 1916 1920 1940 1945 1948 1954 1955 2002 2010 2026 2028 2038 2039 2042 2047 2052 2054 2071 2081 2087 2102 2111 2117 2125 2127 2133 2138 2143 2149 2151 2153 2169 2174 2176 2180 2187 2189 2191 2198 2199 2203 2223 2224 2241 2268 2273 2279 2289 2294 2302 2319 2328 2332 2333 2343 2344 2347 2384 2398 2399 2419 2436 2445 2461 2463 2471 2475 2491 2498 2502 2508 2509 2511 2512 2516 2519 2533 2543 2555 2567 2582 2588 2598 2616 2617 2629 2643 2649 
2163 1577 1912 1923 1940 1948 2028 2054 2087 2111 2125 2183 2198 2223 2224 2283 2328 2344 2399 2502 2516 2519 2543 2582 2643 2649 
2617 136 1577 1718 1912 1920 1926 1939 1941 1945 1947 1948 1955 2007 2026 2032 2038 2053 2054 2062 2068 2072 2081 2087 2102 2111 2127 2132 2133 2138 2144 2149 2153 2169 2174 2180 2183 2187 2189 2196 2199 2223 2224 2241 2246 2250 2254 2267 2268 2279 2280 2282 2283 2285 2289 2292 2294 2319 2327 2328 2330 2333 2336 2338 2344 2345 2367 2377 2384 2398 2399 2419 2420 2434 2436 2445 2451 2458 2461 2463 2471 2491 2501 2509 2510 2511 2547 2555 2567 2589 2592 2594 2598 2608 2616 2649 
2616 1577 1718 1912 1916 1920 1940 1941 1945 1947 1955 2007 2010 2028 2032 2038 2039 2047 2052 2054 2068 2087 2102 2111 2125 2127 2133 2134 2143 2144 2149 2151 2153 2169 2174 2176 2187 2189 2199 2203 2223 2224 2241 2246 2247 2250 2254 2268 2273 2282 2283 2289 2292 2294 2319 2328 2330 2333 2336 2343 2344 2351 2384 2398 2399 2419 2436 2445 2461 2463 2471 2491 2498 2509 2510 2511 2567 2582 2588 2589 2598 2617 2629 2649 
1941 1577 1912 1920 1926 1932 1945 1947 1948 1955 2002 2007 2026 2028 2032 2039 2042 2047 2052 2053 2054 2068 2071 2072 2081 2087 2102 2111 2117 2125 2127 2138 2144 2148 2153 2169 2180 2183 2187 2191 2194 2196 2199 2223 2224 2246 2247 2279 2280 2282 2283 2285 2292 2302 2319 2327 2328 2332 2333 2336 2338 2347 2351 2367 2384 2398 2420 2436 2451 2458 2461 2465 2475 2491 2508 2509 2510 2511 2516 2518 2533 2543 2547 2555 2567 2592 2594 2598 2608 2616 2617 2629 2643 2649 
2458 136 1577 1912 1920 1926 1939 1941 1945 1947 1955 2007 2026 2032 2038 2042 2047 2052 2053 2054 2062 2068 2071 2072 2081 2111 2117 2125 2127 2132 2138 2148 2174 2180 2183 2187 2189 2199 2223 2224 2247 2254 2267 2268 2279 2280 2282 2283 2292 2294 2319 2327 2328 2332 2333 2336 2338 2343 2384 2398 2399 2420 2434 2436 2445 2451 2491 2501 2508 2509 2510 2511 2516 2518 2543 2547 2555 2589 2592 2594 2598 2608 2617 2649 
2592 1577 1912 1920 1932 1941 1945 1948 1955 2002 2007 2010 2026 2028 2032 2039 2042 2047 2052 2053 2054 2062 2068 2071 2072 2081 2087 2111 2117 2125 2127 2132 2133 2135 2138 2143 2144 2148 2149 2153 2169 2176 2180 2183 2187 2191 2194 2196 2199 2223 2241 2246 2247 2267 2268 2279 2280 2282 2283 2292 2294 2302 2319 2327 2328 2332 2333 2336 2338 2344 2347 2351 2384 2398 2420 2451 2458 2463 2465 2471 2491 2498 2508 2509 2510 2511 2533 2543 2555 2567 2598 2608 2617 2629 2643 
2377 1577 1912 1916 1939 1945 1947 1948 1954 2010 2032 2052 2053 2054 2068 2071 2072 2081 2087 2111 2117 2132 2133 2138 2143 2151 2153 2169 2174 2176 2180 2187 2199 2241 2246 2247 2267 2273 2282 2285 2289 2292 2294 2302 2327 2328 2333 2338 2344 2347 2351 2384 2399 2419 2434 2436 2451 2461 2463 2471 2475 2498 2509 2510 2511 2512 2516 2518 2519 2555 2567 2582 2588 2598 2617 2629 2649 
2292 136 1577 1718 1912 1916 1920 1926 1932 1939 1940 1941 1945 1947 1948 1954 2010 2026 2028 2032 2039 2042 2047 2052 2053 2054 2071 2072 2081 2087 2102 2111 2117 2125 2127 2132 2133 2134 2135 2138 2143 2144 2148 2149 2151 2153 2169 2174 2176 2180 2183 2187 2189 2191 2194 2196 2199 2203 2224 2232 2241 2247 2267 2268 2273 2279 2282 2283 2289 2294 2302 2319 2328 2332 2333 2338 2343 2347 2351 2377 2384 2417 2419 2420 2436 2451 2458 2461 2463 2465 2471 2491 2498 2508 2509 2510 2511 2512 2533 2543 2555 2567 2582 2588 2592 2598 2616 2617 2629 2643 2649 
2598 136 1577 1718 1912 1916 1920 1926 1932 1939 1940 1941 1945 1947 1948 1954 1955 2002 2007 2010 2026 2028 2032 2038 2039 2042 2047 2052 2053 2054 2062 2068 2071 2072 2081 2087 2102 2111 2117 2125 2127 2132 2133 2134 2135 2138 2143 2144 2148 2149 2151 2153 2169 2174 2176 2180 2183 2187 2189 2191 2194 2196 2198 2199 2203 2223 2224 2232 2241 2246 2247 2250 2254 2268 2273 2279 2280 2282 2283 2289 2292 2294 2302 2319 2327 2328 2330 2332 2333 2336 2338 2343 2344 2345 2347 2351 2367 2377 2384 2398 2399 2417 2419 2420 2436 2445 2451 2458 2461 2463 2465 2471 2475 2491 2498 2501 2508 2509 2510 2511 2512 2516 2518 2519 2533 2543 2555 2567 2582 2588 2589 2592 2594 2608 2616 2617 2629 2635 2643 2649 
2599 1912 2032 2071 2144 2148 2153 2241 2465 2543 2555 2629 
2295 1577 1912 1940 1948 2028 2111 2125 2148 2169 2187 2223 2224 2434 2502 2516 2519 2543 2582 2629 2643 2649 
2294 1577 1718 1912 1916 1920 1939 1940 1945 1947 1948 1954 1955 2002 2007 2010 2028 2032 2052 2053 2054 2068 2072 2081 2087 2102 2111 2117 2125 2132 2133 2138 2143 2149 2151 2153 2169 2174 2176 2180 2183 2187 2194 2196 2198 2199 2203 2223 2224 2241 2246 2247 2250 2267 2273 2280 2282 2283 2285 2289 2292 2327 2328 2332 2333 2336 2343 2344 2377 2384 2399 2419 2420 2434 2451 2458 2461 2463 2471 2475 2491 2498 2501 2508 2509 2510 2511 2512 2533 2547 2582 2588 2592 2598 2608 2616 2617 2629 2649 
2191 1577 1912 1920 1926 1932 1940 1941 1945 1948 2007 2026 2028 2032 2039 2042 2047 2053 2054 2068 2071 2081 2087 2111 2117 2134 2135 2138 2144 2148 2153 2180 2183 2187 2194 2196 2199 2223 2224 2241 2250 2273 2279 2282 2283 2289 2292 2302 2319 2328 2332 2333 2336 2338 2343 2347 2351 2384 2420 2436 2451 2465 2471 2475 2498 2510 2511 2516 2543 2555 2567 2592 2598 2643 2649 
2194 1577 1912 1920 1926 1932 1940 1941 1945 1948 2002 2010 2028 2032 2039 2042 2047 2052 2053 2054 2068 2071 2081 2087 2102 2111 2117 2133 2134 2135 2138 2144 2148 2149 2153 2169 2174 2176 2180 2183 2187 2191 2196 2199 2224 2232 2241 2247 2273 2279 2282 2283 2285 2289 2292 2294 2302 2319 2327 2328 2330 2332 2333 2336 2338 2347 2351 2384 2399 2417 2420 2461 2463 2465 2471 2475 2491 2508 2509 2533 2543 2555 2567 2588 2592 2598 2608 2629 2643 
2196 1577 1718 1912 1920 1932 1940 1941 1945 1947 1948 1954 2002 2007 2010 2026 2028 2032 2039 2042 2047 2052 2053 2054 2068 2071 2081 2087 2102 2111 2117 2125 2127 2133 2134 2135 2138 2144 2148 2149 2153 2169 2176 2183 2187 2189 2191 2194 2199 2224 2241 2246 2247 2268 2273 2279 2282 2283 2289 2292 2294 2302 2319 2328 2330 2332 2333 2336 2338 2344 2347 2351 2384 2417 2419 2420 2434 2461 2463 2465 2471 2475 2491 2498 2510 2511 2533 2543 2555 2567 2582 2588 2589 2592 2598 2617 2629 2643 
2198 1577 1718 1912 1947 2002 2007 2038 2068 2072 2087 2102 2111 2117 2125 2132 2133 2138 2143 2149 2163 2169 2187 2224 2241 2246 2247 2250 2254 2273 2279 2282 2283 2294 2319 2328 2332 2336 2344 2384 2419 2434 2461 2463 2471 2502 2511 2516 2518 2588 2598 
2199 136 1577 1718 1912 1916 1920 1926 1932 1939 1940 1941 1945 1947 1948 1954 1955 2002 2007 2010 2028 2032 2038 2039 2042 2047 2052 2053 2054 2068 2071 2072 2081 2087 2102 2111 2117 2127 2132 2133 2134 2135 2138 2143 2144 2148 2149 2151 2153 2169 2174 2176 2180 2183 2187 2191 2194 2196 2203 2223 2224 2241 2246 2247 2250 2254 2273 2279 2280 2282 2283 2289 2292 2294 2302 2319 2327 2328 2332 2333 2336 2338 2343 2344 2345 2347 2351 2367 2377 2384 2398 2399 2417 2419 2420 2434 2451 2458 2461 2463 2465 2471 2475 2491 2498 2501 2508 2509 2510 2511 2512 2516 2518 2533 2543 2547 2555 2567 2582 2588 2592 2594 2598 2608 2616 2617 2629 2643 2649 
2053 1577 1912 1920 1926 1939 1941 1947 1948 1955 2007 2028 2038 2039 2047 2052 2054 2068 2071 2072 2081 2087 2111 2117 2125 2132 2134 2135 2138 2153 2180 2183 2187 2191 2194 2196 2199 2203 2223 2224 2247 2254 2273 2279 2280 2282 2283 2285 2289 2292 2294 2302 2327 2328 2332 2333 2336 2338 2344 2347 2351 2377 2384 2398 2399 2420 2436 2451 2458 2461 2463 2491 2501 2508 2509 2510 2511 2533 2543 2547 2555 2567 2592 2594 2598 2608 2617 2629 2643 
2203 136 1577 1718 1912 1916 1940 1945 1954 1955 2002 2007 2010 2032 2038 2039 2042 2047 2052 2053 2054 2068 2072 2087 2102 2111 2117 2125 2127 2133 2135 2138 2143 2149 2151 2153 2169 2174 2176 2180 2187 2189 2199 2223 2224 2241 2246 2250 2267 2268 2273 2289 2292 2294 2302 2319 2328 2336 2338 2343 2384 2399 2445 2461 2463 2471 2475 2491 2498 2508 2509 2510 2512 2516 2533 2547 2582 2588 2589 2598 2616 2629 2643 2649 
2054 136 1577 1718 1912 1916 1920 1926 1939 1940 1941 1945 1947 1948 1954 2002 2007 2010 2026 2028 2032 2038 2039 2042 2052 2053 2062 2068 2071 2072 2081 2087 2102 2111 2117 2125 2127 2132 2133 2134 2135 2138 2143 2144 2148 2149 2151 2153 2163 2169 2174 2176 2180 2183 2187 2189 2191 2194 2196 2199 2203 2223 2224 2241 2246 2247 2250 2267 2273 2279 2280 2282 2283 2289 2292 2294 2302 2319 2327 2328 2332 2333 2336 2338 2343 2344 2347 2351 2377 2384 2398 2399 2419 2420 2434 2445 2451 2458 2461 2463 2465 2475 2491 2498 2501 2508 2509 2510 2511 2512 2516 2518 2519 2543 2555 2567 2582 2588 2589 2592 2594 2598 2608 2616 2617 2629 2643 2649 
2567 1577 1912 1920 1926 1932 1941 1945 1948 2002 2007 2010 2026 2028 2032 2039 2042 2047 2053 2054 2068 2071 2081 2087 2102 2111 2117 2127 2133 2134 2135 2138 2143 2148 2151 2153 2176 2180 2183 2187 2189 2191 2194 2196 2199 2223 2241 2246 2247 2250 2267 2268 2273 2279 2282 2283 2285 2289 2292 2302 2319 2327 2328 2332 2333 2336 2338 2347 2351 2377 2384 2398 2420 2436 2445 2461 2463 2465 2471 2498 2508 2510 2511 2516 2533 2543 2555 2582 2589 2592 2598 2616 2617 2629 2643 
2367 1912 1926 1941 1945 2026 2032 2038 2047 2068 2081 2117 2127 2133 2183 2199 2223 2224 2232 2280 2289 2327 2345 2461 2510 2594 2598 2608 2617 2635 
2111 136 1577 1718 1912 1916 1920 1926 1932 1939 1941 1945 1947 1948 1954 1955 2002 2007 2010 2028 2032 2038 2039 2042 2047 2052 2053 2054 2062 2068 2071 2072 2081 2087 2102 2117 2125 2127 2132 2133 2134 2135 2138 2144 2148 2149 2151 2153 2163 2169 2174 2176 2180 2183 2187 2189 2191 2194 2196 2198 2199 2203 2223 2224 2232 2241 2246 2247 2250 2254 2267 2268 2273 2279 2282 2283 2285 2289 2292 2294 2295 2302 2319 2327 2328 2332 2333 2336 2338 2343 2344 2347 2351 2377 2384 2398 2399 2417 2419 2420 2434 2436 2445 2451 2458 2461 2463 2465 2471 2475 2491 2498 2501 2502 2508 2509 2510 2511 2512 2516 2519 2533 2543 2547 2555 2567 2582 2588 2589 2592 2594 2598 2608 2616 2617 2629 2643 2649 
2117 136 1577 1718 1912 1920 1923 1932 1940 1941 1945 1947 1948 1954 1955 2007 2028 2039 2042 2052 2053 2054 2068 2071 2072 2081 2087 2102 2111 2134 2135 2138 2144 2148 2149 2153 2169 2174 2183 2187 2191 2194 2196 2198 2199 2203 2224 2232 2241 2246 2247 2250 2254 2268 2273 2279 2282 2283 2292 2294 2302 2319 2327 2328 2336 2343 2344 2345 2347 2351 2367 2377 2384 2419 2420 2434 2436 2458 2461 2463 2465 2471 2475 2491 2508 2533 2543 2555 2567 2582 2588 2592 2594 2598 2629 2643 
2582 1577 1718 1912 1916 1920 1932 1939 1940 1945 1947 1948 1954 2002 2007 2010 2028 2032 2038 2039 2042 2047 2052 2054 2068 2081 2087 2102 2111 2117 2125 2127 2133 2138 2143 2149 2151 2153 2163 2169 2174 2176 2183 2187 2189 2196 2199 2203 2223 2224 2241 2246 2247 2250 2268 2273 2279 2282 2283 2289 2292 2294 2295 2328 2332 2333 2336 2343 2344 2347 2377 2384 2398 2399 2419 2434 2461 2463 2471 2475 2498 2502 2509 2510 2512 2516 2519 2533 2543 2555 2567 2588 2598 2616 2629 2643 2649 
2420 1577 1912 1920 1932 1941 1945 1948 1955 2007 2028 2032 2039 2042 2047 2052 2053 2054 2062 2071 2072 2081 2087 2111 2117 2135 2138 2143 2153 2180 2183 2187 2191 2194 2196 2199 2224 2241 2279 2282 2283 2292 2294 2302 2319 2328 2333 2336 2338 2347 2351 2384 2398 2451 2458 2465 2509 2510 2511 2533 2543 2555 2567 2592 2598 2617 2629 2643 
2629 136 1577 1718 1912 1920 1932 1941 1945 1947 1948 1954 1955 2007 2010 2026 2028 2032 2039 2042 2047 2052 2053 2054 2062 2068 2071 2072 2081 2087 2102 2111 2117 2125 2127 2132 2133 2134 2135 2138 2143 2148 2149 2151 2153 2169 2180 2183 2187 2194 2196 2199 2203 2224 2241 2246 2247 2250 2268 2273 2279 2282 2283 2285 2289 2292 2294 2295 2302 2319 2327 2328 2332 2333 2336 2338 2343 2344 2347 2351 2377 2384 2398 2419 2420 2436 2461 2463 2465 2471 2475 2491 2502 2509 2510 2512 2516 2533 2543 2555 2567 2582 2588 2592 2598 2599 2608 2616 2643 2649 
2589 136 1577 1718 1912 1926 1932 1940 1945 1955 2007 2032 2038 2047 2054 2068 2071 2072 2081 2087 2102 2111 2127 2133 2138 2144 2151 2169 2174 2180 2183 2187 2189 2196 2203 2223 2224 2232 2241 2254 2267 2268 2279 2283 2289 2319 2327 2330 2336 2384 2398 2419 2436 2445 2451 2458 2463 2471 2491 2508 2510 2511 2533 2555 2567 2594 2598 2608 2616 2617 2649 
2588 1577 1718 1912 1916 1940 1945 1947 1954 2002 2007 2010 2026 2028 2032 2038 2039 2047 2052 2054 2068 2071 2081 2087 2102 2111 2117 2125 2127 2133 2134 2143 2149 2151 2153 2169 2174 2176 2180 2187 2189 2194 2196 2198 2199 2203 2224 2241 2246 2247 2250 2268 2273 2282 2283 2285 2289 2292 2294 2328 2330 2336 2343 2344 2377 2384 2419 2436 2461 2463 2465 2471 2475 2491 2498 2509 2510 2512 2543 2582 2598 2616 2629 2649 
2183 136 1577 1912 1916 1920 1926 1932 1939 1941 1945 1947 1948 1955 2002 2007 2010 2026 2028 2032 2038 2039 2042 2047 2052 2053 2054 2062 2068 2071 2072 2081 2087 2102 2111 2117 2125 2127 2132 2135 2138 2144 2148 2149 2153 2163 2169 2174 2180 2187 2191 2194 2196 2199 2223 2224 2241 2246 2247 2267 2273 2279 2282 2283 2289 2292 2294 2302 2319 2327 2328 2332 2333 2336 2338 2344 2345 2347 2351 2367 2384 2398 2420 2434 2436 2451 2458 2461 2465 2471 2475 2491 2508 2509 2510 2511 2516 2518 2533 2543 2555 2567 2582 2589 2592 2594 2598 2608 2617 2629 2643 2649 
2180 136 1577 1718 1912 1920 1932 1939 1940 1941 1947 1954 1955 2007 2026 2028 2032 2038 2039 2042 2047 2053 2054 2068 2071 2072 2081 2087 2102 2111 2133 2134 2135 2138 2143 2148 2151 2153 2169 2174 2176 2183 2187 2189 2191 2194 2199 2203 2224 2241 2246 2247 2250 2254 2267 2268 2279 2282 2283 2285 2289 2292 2294 2302 2327 2328 2330 2332 2336 2338 2344 2347 2351 2377 2384 2398 2417 2420 2434 2436 2451 2458 2461 2465 2491 2498 2508 2509 2510 2511 2516 2543 2547 2555 2567 2588 2589 2592 2598 2617 2629 2643 2649 
2187 136 1577 1718 1912 1920 1926 1932 1940 1941 1945 1948 1954 1955 2002 2007 2010 2026 2028 2032 2038 2039 2042 2047 2052 2053 2054 2068 2071 2072 2081 2087 2102 2111 2117 2125 2127 2132 2133 2134 2135 2138 2143 2144 2148 2149 2151 2153 2169 2174 2176 2180 2183 2189 2191 2194 2196 2198 2199 2203 2223 2224 2241 2246 2247 2250 2254 2267 2268 2273 2279 2282 2283 2285 2289 2292 2294 2295 2302 2319 2327 2328 2330 2332 2333 2336 2338 2343 2344 2347 2351 2377 2384 2398 2417 2419 2420 2436 2445 2451 2458 2461 2463 2465 2471 2475 2491 2498 2502 2508 2510 2511 2512 2516 2533 2543 2555 2567 2582 2588 2589 2592 2598 2608 2616 2617 2629 2635 2643 2649 
2189 136 1577 1718 1912 1926 1932 1945 1955 2007 2032 2038 2039 2047 2054 2068 2071 2072 2081 2087 2102 2111 2127 2133 2138 2144 2149 2151 2169 2174 2180 2187 2196 2203 2223 2224 2232 2241 2250 2254 2268 2279 2283 2285 2289 2292 2319 2327 2330 2336 2347 2351 2384 2398 2417 2419 2436 2451 2458 2463 2471 2491 2508 2510 2511 2512 2533 2543 2555 2567 2582 2588 2589 2594 2598 2608 2616 2617 2649 
1912 136 1577 1718 1916 1920 1923 1926 1932 1939 1940 1941 1945 1947 1948 1954 1955 2002 2007 2010 2026 2028 2032 2038 2039 2042 2047 2052 2053 2054 2062 2068 2071 2072 2081 2087 2102 2111 2117 2125 2127 2132 2133 2134 2135 2138 2143 2144 2148 2149 2151 2153 2163 2169 2174 2176 2180 2183 2187 2189 2191 2194 2196 2198 2199 2203 2223 2224 2232 2241 2246 2247 2250 2254 2267 2268 2273 2279 2280 2282 2283 2285 2289 2292 2294 2295 2302 2319 2327 2328 2330 2332 2333 2336 2338 2343 2344 2345 2347 2351 2367 2377 2384 2398 2399 2417 2419 2420 2434 2436 2445 2451 2458 2461 2463 2465 2471 2475 2491 2498 2501 2502 2508 2509 2510 2511 2512 2516 2518 2519 2533 2543 2547 2555 2567 2582 2588 2589 2592 2594 2598 2599 2605 2608 2616 2617 2629 2635 2643 2649 
1916 1577 1718 1912 1932 1939 1940 1945 1947 1954 2002 2007 2010 2028 2032 2039 2042 2052 2054 2081 2087 2102 2111 2125 2132 2133 2143 2149 2151 2169 2174 2176 2183 2199 2203 2241 2246 2247 2250 2273 2282 2283 2289 2292 2294 2328 2332 2343 2344 2377 2384 2399 2419 2434 2461 2463 2471 2475 2498 2509 2512 2518 2519 2555 2582 2588 2598 2616 2649 
2336 136 1577 1718 1912 1920 1926 1932 1940 1941 1945 1947 1948 1954 1955 2002 2010 2026 2028 2032 2038 2039 2042 2047 2052 2053 2054 2071 2072 2081 2087 2102 2111 2117 2125 2127 2132 2133 2134 2135 2138 2143 2144 2148 2149 2151 2153 2169 2174 2176 2180 2183 2187 2189 2191 2194 2196 2198 2199 2203 2223 2224 2232 2241 2247 2254 2267 2268 2279 2280 2282 2283 2285 2289 2294 2302 2319 2328 2330 2332 2333 2338 2343 2344 2347 2351 2384 2398 2417 2419 2420 2434 2436 2445 2451 2458 2461 2463 2471 2491 2498 2501 2502 2508 2509 2510 2511 2516 2519 2533 2543 2547 2555 2567 2582 2588 2589 2592 2598 2616 2617 2629 2643 2649 
2026 1577 1912 1926 1940 1941 1948 1955 2002 2007 2054 2068 2072 2081 2087 2102 2125 2127 2133 2134 2138 2153 2176 2180 2183 2187 2191 2196 2224 2247 2250 2267 2268 2279 2282 2283 2289 2292 2319 2327 2328 2333 2336 2338 2343 2347 2351 2367 2384 2398 2434 2436 2451 2458 2461 2475 2498 2508 2510 2511 2516 2543 2547 2555 2567 2588 2592 2594 2598 2608 2617 2629 
2518 1912 1916 1923 1939 1941 1945 1947 2002 2032 2054 2072 2125 2132 2183 2198 2199 2241 2246 2247 2273 2280 2283 2347 2377 2398 2419 2434 2458 2471 2509 2510 2516 2519 2594 2598 
2519 1577 1912 1916 2002 2028 2032 2054 2102 2111 2125 2149 2163 2169 2223 2224 2250 2273 2283 2295 2336 2344 2377 2399 2419 2471 2502 2512 2516 2518 2543 2582 2598 2643 2649 
2102 136 1577 1718 1912 1916 1920 1926 1940 1941 1945 1947 1948 1954 2007 2010 2026 2028 2032 2038 2039 2042 2047 2052 2054 2068 2071 2081 2087 2111 2117 2125 2127 2132 2133 2134 2138 2143 2148 2149 2151 2153 2169 2174 2176 2180 2183 2187 2189 2194 2196 2198 2199 2203 2223 2224 2241 2246 2250 2254 2267 2268 2273 2279 2280 2282 2283 2285 2289 2292 2294 2302 2327 2328 2332 2336 2338 2343 2344 2347 2351 2384 2417 2419 2436 2451 2461 2463 2471 2475 2491 2498 2508 2509 2510 2511 2519 2533 2543 2547 2555 2567 2582 2588 2589 2598 2616 2617 2629 2643 2649 
2516 1577 1912 1920 1932 1940 1941 1945 1947 1948 2002 2007 2010 2026 2028 2032 2042 2047 2052 2054 2071 2072 2087 2111 2125 2127 2148 2149 2163 2169 2180 2183 2187 2191 2198 2199 2203 2223 2224 2241 2247 2250 2268 2273 2279 2282 2283 2295 2319 2327 2328 2336 2338 2343 2344 2351 2377 2384 2399 2419 2458 2463 2471 2475 2502 2508 2510 2511 2512 2518 2519 2543 2555 2567 2582 2594 2598 2605 2629 2643 2649 
2351 1577 1912 1920 1932 1940 1941 1945 1948 2002 2007 2010 2026 2028 2032 2039 2042 2047 2052 2053 2054 2062 2071 2081 2087 2102 2111 2117 2125 2127 2133 2134 2135 2138 2144 2148 2149 2151 2153 2176 2180 2183 2187 2189 2191 2194 2196 2199 2224 2241 2246 2267 2273 2279 2282 2283 2285 2289 2292 2302 2319 2327 2328 2332 2333 2336 2338 2343 2347 2377 2384 2398 2420 2436 2461 2463 2465 2471 2475 2491 2498 2509 2510 2516 2533 2543 2555 2567 2592 2598 2616 2629 2643 2649 
2510 136 1577 1718 1912 1920 1926 1932 1941 1945 1947 1948 1955 2002 2007 2026 2028 2032 2038 2039 2042 2047 2052 2053 2054 2068 2071 2072 2081 2087 2102 2111 2125 2127 2132 2133 2134 2138 2143 2144 2148 2149 2151 2153 2174 2180 2183 2187 2189 2191 2196 2199 2203 2223 2224 2246 2247 2254 2267 2268 2279 2282 2283 2285 2289 2292 2294 2302 2319 2327 2328 2330 2332 2333 2336 2338 2345 2347 2351 2367 2377 2384 2398 2419 2420 2436 2445 2451 2458 2461 2463 2465 2471 2491 2508 2509 2511 2512 2516 2518 2533 2543 2547 2555 2567 2582 2588 2589 2592 2594 2598 2608 2616 2617 2629 2643 2649 
2511 136 1577 1718 1912 1920 1923 1926 1932 1939 1941 1945 1947 1948 1955 2002 2007 2026 2032 2038 2039 2042 2047 2052 2053 2054 2062 2068 2071 2072 2081 2087 2102 2111 2125 2127 2132 2133 2134 2135 2138 2143 2144 2153 2169 2174 2180 2183 2187 2189 2191 2196 2198 2199 2223 2224 2246 2247 2250 2254 2267 2268 2279 2280 2282 2283 2285 2289 2292 2294 2302 2319 2327 2328 2332 2333 2336 2338 2344 2347 2377 2384 2398 2399 2419 2420 2434 2436 2445 2451 2458 2461 2463 2471 2491 2501 2508 2509 2510 2512 2516 2533 2543 2555 2567 2589 2592 2594 2598 2608 2616 2617 2649 
2512 1577 1718 1912 1916 1920 1932 1945 1947 2002 2007 2010 2028 2032 2038 2039 2047 2054 2068 2071 2087 2111 2125 2127 2132 2133 2135 2138 2143 2149 2151 2169 2174 2176 2187 2189 2199 2203 2223 2224 2241 2246 2250 2254 2268 2273 2279 2282 2289 2292 2294 2302 2319 2328 2332 2333 2338 2344 2377 2384 2398 2399 2419 2434 2451 2461 2463 2471 2475 2498 2509 2510 2511 2516 2519 2543 2582 2588 2598 2629 2649 
2232 1912 1926 1945 2007 2032 2038 2039 2047 2068 2072 2111 2117 2125 2133 2138 2189 2194 2223 2241 2267 2268 2280 2289 2292 2327 2333 2336 2345 2367 2384 2417 2445 2471 2491 2508 2543 2547 2589 2594 2598 2608 2635 2643 2649 
2635 136 1912 1945 2032 2148 2187 2223 2224 2232 2268 2280 2345 2367 2436 2491 2533 2598 
2436 136 1577 1718 1912 1940 1941 1945 1947 1948 1955 2007 2026 2032 2038 2042 2047 2053 2068 2071 2072 2081 2087 2102 2111 2117 2127 2133 2135 2138 2143 2144 2149 2151 2169 2174 2180 2183 2187 2189 2191 2223 2224 2241 2250 2254 2268 2279 2283 2289 2292 2302 2319 2327 2330 2336 2338 2343 2344 2347 2351 2377 2384 2398 2419 2445 2451 2458 2463 2471 2475 2491 2498 2502 2508 2510 2511 2533 2543 2567 2588 2589 2598 2616 2617 2629 2635 2649 
2434 1912 1916 1920 1923 1939 1945 1947 1948 2002 2007 2026 2032 2042 2054 2062 2068 2072 2081 2087 2111 2117 2125 2132 2149 2153 2169 2174 2180 2183 2196 2198 2199 2241 2246 2247 2279 2280 2282 2294 2295 2327 2328 2332 2333 2336 2344 2377 2384 2399 2419 2451 2458 2461 2471 2501 2509 2511 2512 2518 2582 2617 
2345 1912 1926 1945 1955 2007 2038 2047 2068 2117 2183 2199 2223 2224 2232 2279 2280 2327 2344 2367 2461 2491 2510 2555 2594 2598 2617 2635 
2344 1577 1718 1912 1916 1939 1940 1945 1947 1948 1954 2002 2010 2032 2047 2052 2053 2054 2062 2068 2071 2072 2081 2087 2102 2111 2117 2125 2132 2133 2138 2149 2151 2153 2163 2169 2176 2180 2183 2187 2196 2198 2199 2224 2241 2246 2247 2250 2254 2273 2282 2283 2294 2319 2327 2328 2333 2336 2338 2343 2345 2347 2377 2384 2399 2419 2434 2436 2451 2461 2463 2471 2475 2498 2501 2509 2511 2512 2516 2519 2555 2582 2588 2592 2594 2598 2616 2617 2629 
2347 1577 1912 1920 1926 1932 1940 1941 1945 1947 1948 1954 2002 2007 2010 2026 2028 2032 2039 2042 2047 2052 2053 2054 2062 2068 2071 2072 2081 2087 2102 2111 2117 2125 2134 2135 2138 2148 2149 2151 2153 2169 2180 2183 2187 2189 2191 2194 2196 2199 2223 2224 2241 2246 2247 2250 2273 2279 2282 2283 2289 2292 2302 2319 2332 2333 2336 2338 2344 2351 2377 2384 2398 2399 2419 2420 2436 2451 2463 2471 2475 2491 2508 2510 2511 2518 2533 2543 2547 2555 2567 2582 2592 2598 2629 2643 
2135 136 1577 1912 1920 1932 1940 1945 1948 2007 2028 2038 2039 2042 2047 2053 2054 2068 2071 2072 2081 2087 2111 2117 2133 2138 2143 2153 2174 2180 2183 2187 2191 2194 2196 2199 2203 2224 2241 2247 2267 2268 2279 2282 2283 2292 2302 2319 2330 2332 2333 2336 2338 2347 2351 2384 2417 2420 2436 2463 2475 2502 2509 2511 2512 2533 2543 2555 2567 2592 2598 2629 2643 
2132 1577 1718 1912 1916 1939 1947 2002 2052 2053 2054 2062 2068 2072 2081 2102 2111 2149 2169 2183 2187 2198 2199 2241 2246 2247 2273 2280 2282 2292 2294 2319 2327 2328 2333 2336 2343 2344 2377 2384 2399 2419 2434 2451 2458 2461 2471 2475 2491 2501 2509 2510 2511 2512 2518 2555 2592 2594 2598 2617 2629 
2133 136 1577 1718 1912 1916 1923 1926 1940 1945 1947 1954 1955 2007 2010 2026 2028 2032 2038 2042 2047 2052 2054 2068 2071 2072 2081 2087 2102 2111 2125 2127 2135 2138 2143 2144 2149 2151 2153 2169 2174 2176 2180 2187 2189 2194 2196 2198 2199 2203 2223 2224 2232 2241 2246 2247 2250 2254 2267 2268 2273 2279 2282 2283 2289 2292 2294 2302 2319 2328 2330 2333 2336 2343 2344 2351 2367 2377 2384 2398 2399 2417 2419 2436 2445 2451 2461 2463 2471 2475 2491 2498 2508 2509 2510 2511 2512 2543 2555 2567 2582 2588 2589 2592 2594 2598 2608 2616 2617 2629 2649 
2343 1577 1718 1912 1916 1920 1940 1945 1954 2007 2010 2026 2032 2038 2052 2054 2068 2081 2087 2102 2111 2117 2125 2127 2132 2133 2143 2149 2151 2153 2169 2174 2176 2187 2191 2199 2203 2224 2241 2246 2247 2250 2254 2273 2282 2283 2289 2292 2294 2319 2327 2328 2333 2336 2338 2344 2351 2384 2419 2436 2458 2461 2463 2471 2475 2491 2498 2509 2516 2582 2588 2598 2616 2629 2649 
2223 136 1577 1718 1912 1920 1926 1932 1941 1945 1955 2007 2028 2032 2038 2039 2042 2047 2053 2054 2068 2071 2072 2081 2087 2102 2111 2125 2127 2133 2134 2138 2144 2149 2151 2153 2163 2174 2183 2187 2189 2191 2199 2203 2224 2232 2250 2254 2268 2279 2280 2282 2283 2289 2294 2295 2319 2327 2328 2330 2332 2333 2336 2338 2345 2347 2367 2384 2398 2417 2436 2445 2451 2458 2463 2471 2491 2498 2501 2502 2508 2509 2510 2511 2512 2516 2519 2543 2555 2567 2582 2589 2592 2594 2598 2605 2608 2616 2617 2635 2643 2649 
2138 136 1577 1912 1920 1926 1932 1940 1941 1945 1948 1954 1955 2007 2026 2028 2032 2038 2039 2042 2047 2052 2053 2054 2068 2071 2072 2081 2087 2102 2111 2117 2125 2127 2133 2134 2135 2144 2148 2149 2151 2153 2169 2174 2176 2180 2183 2187 2189 2191 2194 2196 2198 2199 2203 2223 2224 2232 2241 2250 2254 2267 2273 2279 2282 2283 2289 2292 2294 2302 2319 2328 2332 2333 2336 2338 2344 2347 2351 2377 2384 2398 2417 2420 2436 2445 2451 2458 2461 2463 2465 2471 2491 2508 2509 2510 2511 2512 2533 2543 2555 2567 2582 2589 2592 2594 2598 2608 2617 2629 2643 2649 
2032 136 1577 1718 1912 1916 1920 1923 1926 1932 1939 1940 1941 1945 1947 1948 1954 1955 2007 2010 2028 2038 2039 2042 2047 2054 2068 2071 2072 2081 2087 2102 2111 2125 2127 2133 2134 2138 2143 2144 2148 2149 2151 2153 2169 2174 2176 2180 2183 2187 2189 2191 2194 2196 2199 2203 2223 2224 2232 2241 2246 2247 2254 2268 2273 2279 2280 2282 2283 2285 2289 2292 2294 2302 2319 2327 2328 2332 2333 2336 2338 2343 2344 2347 2351 2367 2377 2384 2398 2399 2417 2419 2420 2434 2436 2445 2451 2458 2461 2463 2465 2471 2475 2491 2498 2508 2509 2510 2511 2512 2516 2518 2519 2533 2543 2555 2567 2582 2588 2589 2592 2594 2598 2599 2608 2616 2617 2629 2635 2643 2649 
2509 1577 1718 1912 1916 1920 1926 1939 1940 1941 1945 1947 1954 1955 2002 2007 2010 2028 2032 2038 2047 2052 2053 2054 2062 2072 2081 2087 2102 2111 2125 2132 2133 2135 2138 2143 2148 2149 2151 2153 2169 2174 2176 2180 2183 2194 2199 2203 2223 2224 2241 2246 2247 2250 2254 2267 2273 2279 2282 2283 2289 2292 2294 2327 2328 2332 2333 2336 2343 2344 2351 2377 2384 2399 2419 2420 2434 2451 2458 2461 2463 2471 2475 2491 2498 2501 2510 2511 2512 2518 2547 2555 2582 2588 2592 2598 2608 2616 2617 2629 2649 
2508 136 1577 1718 1912 1920 1926 1932 1941 1945 1954 1955 2007 2026 2032 2038 2039 2042 2047 2053 2054 2068 2072 2081 2087 2102 2111 2117 2127 2133 2134 2138 2149 2153 2174 2180 2183 2187 2189 2194 2199 2203 2223 2224 2232 2241 2250 2254 2268 2279 2283 2285 2289 2292 2294 2319 2327 2332 2333 2336 2338 2347 2384 2398 2417 2436 2445 2451 2458 2461 2463 2471 2475 2491 2510 2511 2516 2543 2555 2567 2589 2592 2594 2598 2608 2649 
2502 136 1577 1912 1920 1940 2028 2042 2111 2125 2135 2163 2169 2187 2198 2223 2224 2250 2267 2268 2283 2295 2302 2336 2384 2436 2516 2519 2533 2543 2582 2605 2629 2643 2649 
2501 1912 1939 1947 2053 2054 2062 2072 2081 2111 2125 2132 2199 2223 2224 2280 2282 2283 2294 2328 2333 2336 2344 2384 2398 2434 2458 2509 2511 2543 2598 2617 2649 
2038 136 1577 1718 1912 1920 1923 1926 1945 1948 1955 2007 2032 2039 2047 2052 2053 2054 2068 2072 2087 2102 2111 2125 2127 2133 2134 2135 2138 2144 2149 2169 2174 2176 2180 2183 2187 2189 2198 2199 2203 2223 2224 2232 2241 2250 2254 2267 2268 2279 2283 2285 2289 2302 2319 2327 2330 2336 2343 2345 2367 2384 2398 2417 2419 2436 2445 2451 2458 2463 2471 2491 2498 2508 2509 2510 2511 2512 2533 2543 2555 2582 2588 2589 2594 2598 2608 2616 2617 2649 
2649 136 1577 1718 1912 1916 1920 1926 1932 1940 1941 1945 1948 1954 1955 2007 2010 2028 2032 2038 2042 2047 2052 2054 2068 2071 2072 2081 2087 2102 2111 2125 2127 2133 2138 2143 2144 2148 2149 2151 2163 2169 2174 2176 2180 2183 2187 2189 2191 2199 2203 2223 2224 2232 2241 2250 2254 2268 2273 2279 2282 2283 2289 2292 2294 2295 2319 2327 2328 2330 2332 2336 2338 2343 2351 2377 2384 2398 2399 2417 2419 2436 2445 2451 2458 2461 2463 2471 2475 2491 2498 2501 2502 2508 2509 2510 2511 2512 2516 2519 2533 2543 2555 2582 2588 2589 2594 2598 2605 2608 2616 2617 2629 2643 
2643 136 1577 1718 1912 1920 1932 1939 1940 1941 1945 1948 1955 2007 2028 2032 2039 2042 2047 2052 2053 2054 2068 2071 2081 2087 2102 2111 2117 2125 2127 2134 2135 2138 2144 2148 2149 2153 2163 2169 2174 2180 2183 2187 2191 2194 2196 2199 2203 2223 2224 2232 2241 2246 2247 2250 2273 2279 2282 2283 2289 2292 2295 2302 2319 2327 2328 2332 2333 2336 2338 2347 2351 2384 2420 2461 2463 2465 2471 2491 2502 2510 2516 2519 2533 2543 2555 2567 2582 2592 2598 2605 2629 2649 
2134 1577 1912 1920 1926 1932 1948 2007 2026 2028 2032 2038 2039 2047 2053 2054 2068 2071 2081 2087 2102 2111 2117 2127 2138 2148 2149 2153 2169 2180 2187 2191 2194 2196 2199 2223 2241 2254 2268 2273 2279 2283 2285 2289 2292 2302 2319 2332 2333 2336 2347 2351 2384 2398 2399 2417 2451 2463 2465 2471 2508 2510 2511 2533 2543 2555 2567 2588 2598 2616 2629 2643 
2330 1718 1912 1940 1945 1955 2007 2028 2038 2068 2071 2127 2133 2135 2144 2149 2174 2180 2187 2189 2194 2196 2223 2224 2254 2268 2279 2289 2302 2319 2336 2384 2417 2436 2445 2451 2463 2491 2510 2588 2589 2598 2616 2617 2649 
2332 1577 1912 1916 1920 1932 1939 1941 1945 1948 2002 2007 2028 2032 2039 2042 2047 2052 2053 2054 2068 2071 2081 2087 2102 2111 2125 2127 2134 2135 2138 2144 2148 2149 2153 2169 2180 2183 2187 2191 2194 2196 2198 2199 2223 2224 2247 2250 2279 2282 2283 2292 2294 2302 2327 2328 2333 2336 2338 2347 2351 2384 2399 2434 2458 2463 2465 2475 2508 2509 2510 2511 2512 2533 2543 2555 2567 2582 2592 2598 2608 2629 2643 2649 
2333 1577 1718 1912 1920 1926 1932 1939 1940 1941 1945 1947 1948 1955 2007 2010 2026 2028 2032 2039 2042 2047 2052 2053 2054 2062 2068 2071 2072 2081 2087 2111 2125 2127 2132 2133 2134 2135 2138 2144 2148 2149 2153 2176 2183 2187 2191 2194 2196 2199 2223 2224 2232 2241 2246 2247 2250 2273 2279 2280 2282 2283 2285 2289 2292 2294 2302 2319 2327 2328 2332 2336 2338 2343 2344 2347 2351 2377 2384 2399 2419 2420 2434 2451 2458 2461 2463 2465 2471 2475 2491 2498 2501 2508 2509 2510 2511 2512 2533 2543 2555 2567 2582 2592 2594 2598 2608 2616 2617 2629 2643 
2125 1577 1718 1912 1916 1920 1926 1932 1939 1940 1941 1945 1948 1954 1955 2007 2010 2026 2028 2032 2038 2042 2047 2052 2053 2054 2062 2068 2071 2072 2081 2087 2102 2111 2133 2138 2143 2148 2149 2151 2153 2163 2169 2174 2176 2183 2187 2196 2198 2203 2223 2224 2232 2241 2246 2247 2250 2273 2279 2282 2283 2289 2292 2294 2295 2302 2319 2327 2328 2332 2333 2336 2338 2343 2344 2347 2351 2384 2398 2399 2419 2434 2451 2458 2461 2463 2471 2475 2498 2501 2502 2509 2510 2511 2512 2516 2518 2519 2533 2543 2555 2582 2588 2592 2594 2598 2605 2616 2629 2643 2649 
2127 136 1577 1718 1912 1920 1926 1932 1940 1941 1945 1955 2002 2007 2026 2032 2038 2039 2047 2054 2068 2071 2072 2081 2087 2102 2111 2133 2134 2138 2144 2148 2149 2151 2153 2174 2176 2183 2187 2189 2196 2199 2203 2223 2224 2241 2246 2250 2254 2268 2279 2283 2289 2292 2302 2319 2327 2328 2330 2332 2333 2336 2338 2343 2351 2367 2384 2398 2419 2436 2445 2451 2458 2463 2471 2491 2498 2508 2510 2511 2512 2516 2533 2543 2555 2567 2582 2588 2589 2592 2594 2598 2608 2616 2617 2629 2643 2649 
2338 1577 1912 1920 1926 1932 1940 1941 1945 1947 1948 1954 1955 2007 2026 2028 2032 2039 2042 2047 2052 2053 2054 2062 2068 2071 2072 2081 2087 2102 2111 2125 2127 2135 2138 2148 2149 2151 2153 2169 2174 2180 2183 2187 2191 2194 2196 2199 2203 2223 2224 2267 2279 2282 2283 2285 2292 2302 2319 2327 2328 2332 2333 2336 2343 2344 2347 2351 2377 2384 2398 2420 2436 2458 2461 2465 2475 2508 2510 2511 2512 2516 2533 2543 2547 2555 2567 2592 2594 2598 2617 2629 2643 2649 
2081 136 1577 1718 1912 1916 1920 1926 1932 1939 1940 1941 1945 1947 1948 1955 2002 2007 2010 2026 2028 2032 2039 2042 2047 2052 2053 2054 2062 2068 2071 2072 2087 2102 2111 2117 2125 2127 2132 2133 2134 2135 2138 2144 2148 2149 2153 2174 2176 2180 2183 2187 2189 2191 2194 2196 2199 2223 2224 2241 2246 2247 2250 2254 2267 2273 2279 2280 2282 2283 2289 2292 2294 2302 2319 2327 2328 2332 2333 2336 2338 2343 2344 2347 2351 2367 2377 2384 2398 2399 2419 2420 2434 2436 2445 2451 2458 2461 2463 2465 2471 2475 2491 2501 2508 2509 2510 2511 2533 2543 2547 2555 2567 2582 2588 2589 2592 2594 2598 2608 2617 2629 2643 2649 
2087 1577 1718 1912 1916 1920 1926 1932 1940 1941 1945 1947 1948 1954 1955 2002 2007 2010 2026 2028 2032 2038 2039 2042 2047 2052 2053 2054 2068 2071 2081 2102 2111 2117 2125 2127 2133 2134 2135 2138 2143 2144 2148 2149 2151 2153 2163 2169 2174 2176 2180 2183 2187 2189 2191 2194 2196 2198 2199 2203 2223 2224 2241 2246 2247 2250 2254 2267 2268 2273 2279 2282 2283 2289 2292 2294 2302 2319 2327 2328 2332 2333 2336 2338 2343 2344 2347 2351 2377 2384 2398 2420 2434 2436 2445 2451 2461 2463 2465 2471 2475 2491 2498 2508 2509 2510 2511 2512 2516 2533 2543 2547 2555 2567 2582 2588 2589 2592 2594 2598 2608 2616 2617 2629 2643 2649 
2002 1577 1912 1916 1926 1932 1941 1945 1947 2007 2010 2026 2052 2054 2062 2068 2081 2087 2111 2127 2132 2143 2149 2151 2153 2169 2183 2187 2194 2196 2198 2199 2203 2241 2246 2247 2250 2267 2268 2273 2279 2282 2283 2294 2319 2327 2332 2336 2344 2347 2351 2399 2419 2434 2461 2463 2471 2475 2498 2509 2510 2511 2512 2516 2518 2519 2555 2567 2582 2588 2592 2598 2605 
2007 136 1577 1718 1912 1916 1920 1926 1932 1940 1941 1945 1947 1948 1955 2002 2010 2026 2032 2038 2039 2047 2052 2053 2054 2071 2072 2081 2087 2102 2111 2117 2125 2127 2133 2134 2135 2138 2144 2148 2149 2151 2153 2169 2174 2176 2180 2183 2187 2189 2191 2196 2198 2199 2203 2223 2224 2232 2241 2247 2254 2267 2268 2279 2282 2283 2285 2289 2294 2302 2319 2328 2330 2332 2333 2338 2343 2345 2347 2351 2384 2398 2399 2417 2419 2420 2434 2436 2445 2451 2458 2461 2463 2471 2475 2491 2498 2508 2509 2510 2511 2512 2516 2533 2543 2547 2555 2567 2582 2588 2589 2592 2598 2616 2617 2629 2643 2649 
2533 136 1577 1912 1920 1932 1940 1941 1945 1948 1955 2007 2028 2032 2038 2042 2047 2053 2068 2071 2072 2081 2087 2102 2111 2117 2125 2127 2134 2135 2138 2143 2148 2149 2153 2183 2187 2189 2194 2196 2199 2203 2224 2241 2250 2268 2279 2282 2283 2289 2292 2294 2302 2319 2327 2328 2332 2333 2336 2338 2347 2351 2384 2398 2420 2436 2445 2451 2463 2465 2471 2502 2510 2511 2543 2555 2567 2582 2589 2592 2598 2629 2635 2643 2649 
1577 1718 1912 1916 1920 1932 1940 1941 1945 1947 1948 1954 2002 2007 2010 2026 2028 2032 2038 2039 2042 2047 2052 2053 2054 2062 2068 2071 2072 2081 2087 2102 2111 2117 2125 2127 2132 2133 2134 2135 2138 2143 2144 2148 2149 2151 2153 2163 2169 2174 2176 2180 2183 2187 2189 2191 2194 2196 2198 2199 2203 2223 2224 2241 2246 2247 2250 2267 2268 2273 2279 2282 2283 2285 2289 2292 2294 2295 2302 2319 2327 2328 2332 2333 2336 2338 2343 2344 2347 2351 2377 2384 2398 2417 2419 2420 2436 2445 2451 2458 2461 2463 2465 2471 2475 2491 2498 2502 2508 2509 2510 2511 2512 2516 2519 2533 2543 2547 2555 2567 2582 2588 2589 2592 2594 2598 2605 2608 2616 2617 2629 2643 2649 
