3777 3437 3464 3468 3529 3532 3555 3617 3758 3803 3829 
3437 567 698 857 862 1085 3438 3439 3440 3441 3442 3443 3444 3445 3446 3447 3448 3449 3450 3451 3452 3453 3454 3455 3456 3457 3458 3459 3460 3461 3462 3463 3464 3465 3466 3467 3468 3469 3470 3471 3472 3473 3474 3475 3476 3477 3478 3479 3480 3481 3482 3483 3484 3485 3486 3487 3488 3489 3490 3491 3492 3493 3494 3495 3496 3497 3498 3499 3500 3501 3502 3503 3504 3505 3506 3507 3508 3509 3510 3511 3512 3513 3514 3515 3516 3517 3518 3519 3520 3521 3522 3523 3524 3525 3526 3527 3528 3529 3530 3531 3532 3533 3534 3535 3536 3537 3538 3539 3540 3541 3542 3543 3544 3545 3546 3547 3548 3549 3550 3551 3552 3553 3554 3555 3556 3557 3558 3559 3560 3561 3562 3563 3564 3565 3566 3567 3568 3569 3570 3571 3572 3573 3574 3575 3576 3577 3578 3579 3580 3581 3582 3583 3584 3585 3586 3587 3588 3589 3590 3591 3592 3593 3594 3595 3596 3597 3598 3599 3600 3601 3602 3603 3604 3605 3606 3607 3608 3609 3610 3611 3612 3613 3614 3615 3616 3617 3618 3619 3620 3621 3622 3623 3624 3625 3626 3627 3628 3629 3630 3631 3632 3633 3634 3635 3636 3637 3638 3639 3640 3641 3642 3643 3644 3645 3646 3647 3648 3649 3650 3651 3652 3653 3654 3655 3656 3657 3658 3659 3660 3661 3662 3663 3664 3665 3666 3667 3668 3669 3670 3671 3672 3673 3674 3675 3676 3677 3678 3679 3680 3681 3682 3683 3684 3685 3686 3687 3688 3689 3690 3691 3692 3693 3694 3695 3696 3697 3698 3699 3700 3701 3702 3703 3704 3705 3706 3707 3708 3709 3710 3711 3712 3713 3714 3715 3716 3717 3718 3719 3720 3721 3722 3723 3724 3725 3726 3727 3728 3729 3730 3731 3732 3733 3734 3735 3736 3737 3738 3739 3740 3741 3742 3743 3744 3745 3746 3747 3748 3749 3750 3751 3752 3753 3754 3755 3756 3757 3758 3759 3760 3761 3762 3763 3764 3765 3766 3767 3768 3769 3770 3771 3772 3773 3774 3775 3776 3777 3778 3779 3780 3781 3782 3783 3784 3785 3786 3787 3788 3789 3790 3791 3792 3793 3794 3795 3796 3797 3798 3799 3800 3801 3802 3803 3804 3805 3806 3807 3808 3809 3810 3811 3812 3813 3814 3815 3816 3817 3818 3819 3820 3821 3822 3823 3824 3825 3826 3827 3828 3829 3830 3831 3832 3833 3834 3835 3836 3837 3838 3839 3840 3841 3842 3843 3844 3845 3846 3847 3848 3849 3850 3851 3852 3853 3854 3855 3856 3857 3858 3859 3860 3861 3862 3863 3864 3865 3866 3867 3868 3869 3870 3871 3872 3873 3874 3875 3876 3877 3878 3879 3880 3881 3882 3883 3884 3885 3886 3887 3888 3889 3890 3891 3892 3893 3894 3895 3896 3897 3898 3899 3900 3901 3902 3903 3904 3905 3906 3907 3908 3909 3910 3911 3912 3913 3914 3915 3916 3917 3918 3919 3920 3921 3922 3923 3924 3925 3926 3927 3928 3929 3930 3931 3932 3933 3934 3935 3936 3937 3938 3939 3940 3941 3942 3943 3944 3945 3946 3947 3948 3949 3950 3951 3952 3953 3954 3955 3956 3957 3958 3959 3960 3961 3962 3963 3964 3965 3966 3967 3968 3969 3970 3971 3972 3973 3974 3975 3976 3977 3978 3979 
3529 3437 3443 3459 3460 3464 3466 3468 3469 3510 3554 3568 3601 3602 3614 3630 3634 3668 3726 3738 3752 3758 3761 3777 3793 3829 3869 3900 3906 3909 3915 3937 3945 3947 3956 3972 
3922 3437 3536 
3923 3437 3720 3749 3751 3787 3789 3918 
3920 3437 3478 3500 3587 3641 3655 3696 3747 3776 3783 3791 3809 3933 3960 3964 3967 
3921 3437 3442 3455 3498 3521 3553 3590 3599 3608 3615 3629 3636 3663 3666 3705 3710 3713 3715 3722 3728 3735 3740 3753 3801 3802 3815 3835 3862 3867 3907 
3926 3437 3462 3475 3488 3497 3514 3527 3528 3542 3545 3559 3576 3596 3604 3605 3611 3635 3640 3672 3684 3687 3703 3730 3731 3755 3790 3800 3804 3824 3830 3838 3852 3858 3884 3891 3902 3930 3934 3938 3943 3966 3968 3971 
3927 3437 3468 3469 3507 3532 3535 3561 3564 3584 3610 3617 3622 3690 3719 3754 3764 3767 3782 3821 3823 3825 3843 3890 3945 
3924 3437 3463 3486 3493 3506 3509 3558 3569 3584 3591 3593 3643 3646 3648 3680 3705 3706 3711 3714 3718 3719 3758 3763 3792 3793 3794 3810 3822 3826 3833 3869 3870 3896 3900 3903 3906 3909 3947 3951 3969 3976 
3925 3437 3487 3530 3551 3961 
3928 3437 3633 3672 
3929 3437 3495 3512 3533 3577 3651 3656 3734 3756 3780 3795 3841 3842 3877 3948 
3571 3437 3465 3519 3579 3675 3701 3708 3757 3759 3774 3836 3837 3899 3918 3957 3965 3975 
3557 3437 3456 3488 3514 3518 3527 3528 3545 3574 3596 3604 3611 3627 3635 3640 3642 3670 3687 3702 3730 3731 3737 3790 3800 3804 3824 3828 3838 3858 3860 3938 
3556 1085 3437 3492 3521 3540 3611 3625 3684 3688 3693 3817 3851 3971 
3555 3437 3463 3506 3507 3511 3515 3584 3591 3593 3600 3604 3617 3754 3758 3767 3777 3803 3810 3829 3956 
3554 3437 3443 3464 3466 3469 3474 3507 3510 3529 3561 3634 3680 3726 3752 3761 3794 3829 3915 3945 3956 3972 
3553 3437 3442 3455 3470 3472 3482 3505 3508 3521 3526 3563 3598 3599 3629 3644 3663 3685 3698 3705 3710 3722 3728 3753 3769 3773 3778 3802 3827 3835 3840 3867 3921 3936 
3552 3437 3550 3573 3625 3672 3830 3886 
3551 3437 3487 3496 3504 3525 3530 3723 3925 3961 
3550 862 1085 3437 3496 3520 3521 3525 3552 3573 3625 3633 3667 3672 3684 3797 3872 3950 3968 3971 
3499 3437 3483 3532 3534 3535 3564 3617 3671 3680 3690 3719 3758 3764 3793 3821 3825 3829 3834 3843 3881 3947 
3559 3437 3461 3462 3485 3488 3526 3528 3542 3545 3573 3576 3604 3627 3681 3731 3762 3804 3831 3838 3877 3884 3891 3902 3926 3930 3934 3944 
3558 3437 3463 3493 3506 3568 3584 3593 3620 3643 3646 3648 3711 3719 3738 3758 3768 3782 3786 3792 3793 3794 3810 3826 3829 3855 3866 3869 3870 3881 3903 3906 3909 3924 3945 3947 3951 3958 3969 
3856 3437 
3857 3437 3473 3538 3567 3595 3628 3657 3725 3743 3868 3917 
3854 3437 3918 
3855 3437 3486 3506 3509 3515 3558 3591 3593 3643 3758 3771 3794 3810 3822 3976 
3852 3437 3471 3475 3497 3542 3545 3563 3573 3604 3611 3667 3672 3684 3741 3838 3873 3877 3886 3902 3926 3966 3971 
3853 3437 
3850 3437 3442 3455 3472 3482 3505 3508 3521 3526 3598 3599 3629 3644 3685 3698 3722 3753 3773 3835 3840 
3851 1085 3437 3438 3440 3448 3449 3456 3471 3475 3491 3495 3501 3517 3525 3527 3540 3545 3556 3577 3586 3596 3604 3609 3611 3618 3625 3633 3651 3672 3674 3677 3684 3692 3693 3734 3741 3750 3756 3780 3790 3796 3797 3800 3817 3830 3831 3838 3841 3842 3845 3873 3877 3889 3938 3943 3948 3966 3968 3971 
3858 3437 3456 3488 3514 3518 3528 3545 3557 3576 3578 3596 3604 3611 3640 3651 3670 3687 3697 3721 3731 3737 3785 3790 3804 3824 3830 3860 3884 3913 3926 3930 3938 
3859 3437 3443 3543 3738 3861 3870 
3492 3437 3496 3521 3556 3684 3697 3756 3841 3930 
3493 3437 3458 3486 3506 3558 3584 3593 3646 3648 3680 3711 3719 3792 3810 3900 3903 3924 3951 3969 
3773 3437 3442 3455 3470 3505 3521 3526 3553 3599 3722 3753 3778 3802 3850 
3772 3437 3610 3659 3756 3779 3847 3950 3968 
3771 3437 3490 3531 3727 3855 3949 3956 
3770 3437 3459 3511 3524 3534 3602 3604 3671 3719 3768 
3776 3437 3478 3500 3508 3587 3615 3655 3664 3696 3747 3766 3783 3791 3809 3920 3933 3960 3964 3967 
3775 3437 3454 3496 3544 3547 3660 3847 3895 3953 
3774 3437 3465 3476 3519 3571 3579 3675 3701 3708 3757 3759 3836 3837 3899 3910 3918 3957 3975 
3779 862 3437 3448 3454 3503 3522 3547 3596 3609 3610 3642 3659 3750 3772 3872 3930 3938 3941 3979 
3778 3437 3442 3455 3470 3521 3553 3629 3722 3753 3769 3773 3827 3876 
3810 3437 3458 3468 3493 3506 3534 3555 3558 3568 3584 3593 3612 3620 3623 3643 3646 3648 3711 3718 3719 3758 3763 3764 3768 3782 3786 3793 3833 3855 3881 3896 3906 3924 3947 3951 
3518 3437 3485 3488 3497 3514 3528 3542 3545 3557 3578 3596 3604 3605 3611 3635 3640 3670 3687 3702 3707 3730 3737 3790 3800 3804 3824 3830 3832 3838 3858 3860 3902 3938 
3678 3437 3442 3539 3564 3791 
3679 3437 3447 3536 3546 3580 3585 3624 3806 3863 3894 3905 3939 3963 
3672 3437 3450 3462 3471 3475 3488 3496 3497 3503 3514 3520 3521 3527 3542 3545 3550 3552 3573 3575 3596 3603 3604 3605 3611 3625 3684 3702 3707 3737 3785 3797 3804 3838 3845 3851 3852 3872 3877 3891 3902 3926 3928 3930 3938 3940 3962 3966 
3673 3437 3454 3530 3612 
3670 3437 3514 3518 3557 3576 3578 3596 3605 3635 3640 3686 3687 3702 3731 3790 3804 3824 3830 3858 3880 3938 3948 
3671 3437 3499 3511 3768 3770 3793 3821 3882 3958 
3676 3437 3489 3652 3665 3825 
3677 862 1085 3437 3438 3448 3449 3454 3456 3480 3496 3501 3504 3517 3522 3525 3540 3545 3547 3577 3586 3592 3596 3604 3625 3633 3651 3656 3674 3684 3692 3693 3697 3712 3734 3756 3788 3797 3800 3828 3839 3841 3847 3851 3888 3930 3938 3943 3948 3962 3968 
3674 1085 3437 3449 3456 3480 3501 3514 3525 3533 3540 3544 3545 3577 3586 3596 3604 3610 3625 3633 3651 3677 3692 3693 3734 3750 3756 3760 3788 3830 3841 3847 3851 3886 3888 3938 3948 3962 3979 
3675 3437 3465 3476 3519 3571 3579 3708 3757 3759 3774 3836 3837 3899 3957 
3748 3437 
3749 3437 3720 3751 3789 3918 3923 
3818 3437 3568 3584 3593 3601 3623 3705 3758 3764 3768 3782 3793 3866 3896 
3580 3437 3446 3447 3490 3546 3585 3679 3894 3905 
3581 3437 3479 3481 3516 3523 3562 3594 3613 3649 3695 3883 3898 
3582 3437 3443 3752 
3583 3437 3464 3466 3494 3539 3600 3758 3825 3869 3931 
3584 3437 3458 3468 3493 3506 3524 3535 3539 3555 3558 3593 3617 3620 3631 3643 3646 3690 3711 3718 3719 3758 3763 3764 3768 3782 3784 3792 3793 3794 3810 3818 3821 3826 3833 3866 3870 3893 3896 3900 3903 3904 3906 3924 3927 3947 3951 3969 3973 3976 
3585 3437 3446 3490 3549 3580 3679 3863 3949 
3586 857 862 3437 3438 3448 3449 3454 3456 3475 3480 3491 3495 3501 3517 3545 3577 3596 3604 3633 3651 3674 3677 3684 3692 3693 3697 3712 3734 3756 3760 3765 3788 3796 3797 3800 3830 3839 3841 3851 3889 3930 3938 3948 3971 
3587 3437 3478 3500 3641 3655 3696 3747 3766 3776 3783 3791 3809 3920 3933 3960 3964 3967 
3588 3437 3455 3827 3862 
3589 3437 3592 
3743 3437 3445 3473 3538 3541 3567 3595 3628 3657 3725 3739 3819 3857 3868 3871 3874 3892 3912 3917 
3809 3437 3476 3478 3500 3508 3587 3747 3766 3776 3783 3791 3887 3901 3920 3933 3960 
3808 3437 3544 
3805 3437 3440 3449 3916 3950 
3804 3437 3448 3450 3456 3485 3488 3497 3503 3514 3518 3527 3528 3542 3545 3557 3559 3578 3596 3604 3605 3611 3627 3633 3635 3640 3654 3670 3672 3681 3687 3702 3730 3731 3737 3762 3790 3800 3824 3830 3838 3845 3858 3860 3884 3902 3913 3926 3930 3938 
3807 3437 3789 
3806 3437 3624 3679 3894 3905 3963 
3801 3437 3885 3921 
3800 3437 3448 3449 3456 3462 3488 3501 3503 3512 3514 3518 3527 3528 3542 3545 3557 3576 3577 3586 3596 3604 3605 3611 3633 3635 3640 3658 3677 3687 3702 3730 3731 3734 3737 3756 3762 3785 3790 3804 3824 3830 3838 3851 3913 3926 3938 3943 3944 3962 
3803 3437 3486 3509 3532 3555 3561 3564 3569 3617 3622 3680 3690 3706 3714 3767 3777 3793 3821 3869 3890 3906 
3802 3437 3442 3455 3521 3553 3599 3636 3705 3713 3720 3722 3753 3773 3835 3907 3921 
3452 3437 3462 3488 3545 3573 3576 3596 3603 3611 3658 3824 3838 3877 3891 3902 3966 
3453 3437 
3519 3437 3465 3476 3571 3579 3675 3701 3705 3708 3757 3759 3774 3836 3837 3918 3957 3975 
3451 3437 
3456 857 862 1085 3437 3438 3448 3449 3461 3495 3501 3514 3545 3557 3577 3586 3596 3604 3609 3618 3633 3651 3654 3674 3677 3687 3692 3693 3697 3703 3734 3750 3756 3762 3797 3800 3804 3824 3830 3831 3841 3842 3851 3858 3873 3884 3938 3943 3948 3962 3968 3971 
3457 3437 3703 3830 3831 3938 3944 
3454 567 3437 3547 3586 3605 3621 3642 3673 3677 3693 3775 3779 3861 3880 
3455 3437 3442 3470 3498 3505 3521 3526 3553 3588 3590 3599 3608 3629 3636 3663 3685 3710 3713 3715 3722 3728 3735 3740 3753 3769 3773 3778 3802 3815 3827 3835 3850 3862 3867 3876 3886 3907 3921 
3513 3437 3439 3616 3799 3932 3952 
3512 3437 3505 3517 3525 3533 3577 3604 3737 3760 3800 3830 3873 3929 
3458 3437 3468 3493 3506 3569 3584 3593 3643 3648 3711 3718 3719 3792 3793 3810 3822 3900 3903 3951 3969 
3459 3437 3469 3529 3534 3564 3614 3645 3758 3763 3770 3782 3793 3812 3825 3945 
3517 862 3437 3438 3449 3501 3512 3533 3577 3586 3633 3677 3756 3760 3830 3851 3877 3948 
3516 3437 3479 3481 3523 3562 3581 3613 3639 3649 3695 3830 3883 3898 3919 
3515 3437 3460 3506 3511 3555 3566 3593 3706 3829 3855 3958 
3514 3437 3456 3485 3488 3518 3528 3542 3545 3557 3578 3596 3604 3605 3611 3627 3633 3635 3640 3670 3672 3674 3687 3707 3730 3737 3760 3790 3800 3804 3824 3828 3830 3832 3838 3858 3860 3884 3913 3926 3938 3966 
3898 3437 3479 3481 3502 3516 3523 3562 3581 3594 3613 3639 3649 3695 3830 3883 3919 
3899 3437 3571 3675 3757 3774 3836 3957 
3892 3437 3473 3538 3541 3628 3657 3725 3739 3743 3868 3874 3912 3917 
3893 3437 3584 3612 3825 3836 3941 
3890 3437 3539 3803 3826 3927 
3891 3437 3452 3462 3488 3545 3559 3573 3574 3576 3592 3611 3658 3672 3702 3704 3707 3731 3838 3845 3902 3916 3926 3930 3966 
3896 3437 3506 3509 3511 3584 3643 3711 3718 3784 3793 3810 3818 3822 3826 3833 3870 3903 3924 3951 3969 3976 
3897 3437 3548 3661 3908 
3894 3437 3447 3490 3546 3580 3679 3806 3863 3963 
3895 3437 3464 3483 3506 3539 3612 3617 3643 3680 3690 3719 3764 3775 
3508 3437 3442 3472 3482 3500 3505 3521 3553 3598 3607 3615 3632 3644 3685 3698 3722 3728 3747 3776 3791 3809 3840 3850 3933 
3509 3437 3486 3506 3569 3593 3706 3714 3718 3793 3794 3803 3826 3833 3855 3869 3896 3900 3906 3909 3924 3947 3951 
3819 3437 3445 3473 3538 3628 3657 3725 3739 3743 3868 3874 3912 3917 
3966 3437 3448 3452 3462 3471 3475 3485 3488 3491 3497 3514 3527 3540 3542 3545 3573 3576 3596 3604 3611 3658 3672 3684 3687 3702 3731 3737 3741 3780 3785 3824 3828 3830 3838 3842 3845 3851 3852 3860 3873 3877 3891 3902 3926 3938 3940 3971 
3967 3437 3474 3478 3500 3587 3641 3655 3696 3747 3776 3791 3914 3920 3933 3960 3964 
3964 3437 3478 3500 3561 3587 3655 3747 3766 3776 3791 3836 3920 3933 3956 3967 
3965 3437 3571 3701 3759 
3962 1085 3437 3449 3456 3491 3495 3501 3521 3525 3540 3545 3563 3577 3596 3604 3609 3625 3628 3633 3667 3672 3674 3677 3684 3692 3734 3756 3760 3797 3800 3830 3841 3873 3877 3886 3938 3944 3948 3968 
3963 3437 3546 3679 3806 3894 3939 
3960 3437 3478 3500 3587 3641 3655 3664 3696 3747 3776 3783 3791 3809 3907 3920 3933 3967 
3961 567 3437 3487 3551 3566 3723 3925 
3968 3437 3440 3456 3461 3480 3484 3491 3495 3501 3525 3540 3545 3550 3563 3577 3609 3618 3625 3633 3656 3667 3677 3683 3684 3692 3703 3721 3734 3736 3750 3756 3772 3797 3830 3831 3842 3851 3873 3877 3884 3886 3926 3938 3948 3962 3971 
3969 3437 3458 3486 3493 3506 3558 3569 3584 3620 3646 3680 3711 3718 3758 3792 3794 3822 3826 3833 3896 3900 3903 3906 3924 3951 
3638 3437 3439 3616 3647 3716 3799 3844 3848 3918 3932 3952 
3639 3437 3479 3481 3516 3523 3562 3613 3649 3695 3830 3883 3898 
3636 3437 3442 3455 3498 3590 3599 3615 3629 3666 3705 3710 3713 3722 3728 3735 3740 3753 3769 3802 3815 3835 3862 3867 3907 3921 
3637 3437 3477 3565 3659 3756 
3634 3437 3443 3460 3464 3466 3469 3474 3510 3529 3554 3593 3602 3630 3738 3752 3761 3829 3915 3937 3945 3956 3972 
3635 3437 3514 3518 3542 3557 3574 3596 3604 3605 3611 3627 3640 3670 3686 3702 3730 3731 3790 3800 3804 3830 3832 3838 3926 3930 3938 3948 
3632 3437 3508 3720 3787 3791 3918 
3633 862 1085 3437 3438 3440 3448 3449 3456 3480 3484 3495 3501 3514 3517 3533 3545 3550 3577 3578 3586 3596 3604 3609 3611 3618 3625 3651 3654 3656 3667 3674 3677 3684 3687 3692 3693 3721 3734 3741 3750 3756 3760 3788 3796 3797 3800 3804 3824 3828 3830 3841 3842 3851 3860 3873 3877 3884 3889 3928 3938 3943 3948 3962 3968 3971 
3630 3437 3443 3460 3464 3469 3474 3510 3529 3602 3634 3738 3829 3945 
3631 3437 3506 3584 3593 3648 3711 3786 3792 3833 3903 
3469 3437 3443 3459 3460 3464 3466 3474 3510 3529 3554 3561 3604 3630 3634 3668 3726 3738 3752 3761 3764 3825 3829 3881 3915 3927 3945 3956 3972 
3538 3437 3441 3445 3473 3541 3567 3595 3628 3657 3725 3739 3743 3819 3857 3868 3871 3874 3892 3912 3917 
3507 3437 3506 3511 3554 3555 3690 3754 3823 3927 
3708 3437 3465 3476 3519 3571 3579 3675 3757 3759 3774 3836 3837 3918 3957 3975 
3709 3437 
3702 3437 3471 3475 3488 3518 3527 3528 3542 3545 3557 3573 3576 3596 3605 3627 3635 3640 3670 3672 3684 3687 3721 3731 3737 3790 3800 3804 3824 3830 3832 3838 3845 3877 3891 3902 3938 3948 3966 
3703 3437 3440 3456 3457 3545 3654 3755 3830 3831 3842 3902 3926 3938 3968 3971 
3700 3437 3502 3669 3813 3830 3864 3911 
3701 3437 3465 3476 3519 3571 3579 3757 3759 3774 3836 3837 3910 3957 3965 3975 
3706 3437 3463 3486 3506 3509 3511 3515 3569 3572 3591 3593 3648 3680 3705 3714 3793 3794 3803 3822 3833 3869 3870 3900 3906 3924 
3707 3437 3488 3497 3514 3518 3527 3528 3542 3576 3605 3627 3640 3672 3681 3730 3731 3737 3756 3785 3828 3838 3891 3913 3930 
3704 3437 3891 
3705 3437 3442 3463 3486 3494 3498 3519 3521 3534 3553 3569 3572 3590 3599 3608 3615 3629 3636 3706 3713 3714 3722 3740 3759 3763 3793 3794 3802 3818 3822 3826 3835 3867 3869 3906 3907 3921 3924 
3799 3437 3439 3480 3513 3616 3638 3647 3716 3763 3844 3848 3918 3932 3952 
3798 3437 
3795 3437 3533 3750 3830 3929 
3794 3437 3463 3486 3506 3509 3511 3554 3558 3569 3572 3584 3591 3593 3643 3680 3705 3706 3711 3714 3793 3822 3826 3833 3855 3869 3870 3900 3903 3906 3909 3914 3924 3947 3951 3969 
3797 857 862 1085 3437 3440 3448 3449 3456 3491 3495 3501 3521 3540 3550 3573 3577 3586 3596 3609 3618 3621 3625 3633 3672 3677 3684 3692 3697 3721 3741 3750 3756 3796 3830 3842 3851 3872 3886 3938 3948 3962 3968 3971 
3796 3437 3449 3470 3495 3501 3586 3633 3721 3797 3851 3950 
3791 3437 3442 3478 3500 3508 3587 3632 3655 3678 3696 3747 3766 3776 3783 3809 3901 3920 3933 3960 3964 3967 
3790 3437 3450 3485 3488 3497 3514 3518 3528 3542 3545 3557 3576 3578 3596 3603 3604 3605 3611 3627 3635 3640 3670 3681 3683 3687 3702 3730 3731 3737 3800 3804 3824 3828 3830 3832 3838 3845 3851 3858 3860 3884 3902 3913 3926 3938 
3793 3437 3458 3459 3463 3483 3486 3499 3509 3529 3534 3558 3568 3569 3584 3591 3593 3617 3623 3671 3705 3706 3714 3718 3758 3763 3764 3768 3782 3784 3786 3794 3803 3810 3818 3822 3825 3826 3833 3866 3870 3896 3900 3906 3924 3931 3947 3951 3973 3976 
3792 3437 3458 3493 3558 3584 3620 3631 3648 3711 3718 3822 3882 3924 3951 3969 
3834 3437 3499 3568 3617 3764 3821 3881 
3835 3437 3442 3455 3498 3521 3553 3590 3599 3615 3629 3636 3705 3710 3713 3715 3722 3728 3740 3753 3802 3815 3850 3862 3867 3907 3921 
3836 3437 3465 3476 3519 3571 3579 3612 3675 3701 3708 3757 3759 3774 3782 3837 3893 3899 3910 3918 3957 3964 3975 
3837 3437 3465 3476 3519 3571 3579 3612 3675 3701 3708 3757 3759 3774 3836 3918 3957 3975 
3939 3437 3546 3679 3963 
3831 3437 3456 3457 3461 3484 3495 3496 3521 3526 3545 3559 3684 3697 3703 3736 3750 3817 3824 3830 3842 3851 3884 3938 3968 3971 
3832 3437 3482 3514 3518 3528 3596 3635 3640 3702 3730 3790 3830 
3833 3437 3486 3506 3509 3569 3584 3591 3593 3631 3643 3680 3706 3714 3718 3758 3784 3793 3794 3810 3822 3826 3869 3896 3900 3906 3909 3924 3947 3951 3969 3973 3976 
3935 3437 
3934 3437 3461 3462 3495 3559 3762 3838 3902 3926 3930 
3937 3437 3443 3460 3466 3483 3529 3534 3612 3634 3738 3752 3758 3906 3945 
3936 3437 3442 3505 3521 3553 3598 
3838 3437 3448 3449 3450 3452 3462 3471 3475 3485 3488 3491 3497 3503 3514 3518 3527 3528 3542 3545 3557 3559 3573 3576 3578 3596 3603 3604 3605 3611 3635 3640 3642 3672 3687 3693 3702 3707 3712 3737 3790 3800 3804 3824 3828 3845 3851 3852 3860 3877 3884 3891 3902 3926 3930 3934 3938 3940 3943 3944 3966 3971 
3930 3437 3448 3450 3461 3462 3471 3475 3485 3488 3492 3495 3503 3522 3527 3528 3542 3545 3559 3573 3576 3586 3596 3611 3635 3642 3654 3659 3672 3677 3707 3737 3762 3765 3779 3804 3830 3838 3858 3860 3877 3884 3891 3902 3926 3934 3938 3941 
3933 3437 3478 3500 3508 3587 3607 3641 3655 3664 3696 3747 3766 3776 3783 3791 3809 3821 3901 3920 3960 3964 3967 
3932 3437 3439 3513 3616 3638 3647 3716 3799 
3562 3437 3479 3481 3516 3523 3581 3594 3613 3639 3649 3695 3830 3883 3898 3919 
3563 3437 3525 3526 3540 3553 3656 3667 3683 3684 3741 3830 3852 3873 3886 3948 3962 3968 
3560 3437 3691 3830 
3561 1085 3437 3469 3554 3604 3612 3738 3752 3803 3825 3927 3942 3945 3964 
3566 3437 3487 3511 3515 3549 3662 3723 3780 3961 
3567 3437 3473 3538 3595 3628 3657 3725 3739 3743 3857 3868 3874 3912 3917 
3564 3437 3459 3499 3532 3534 3568 3617 3622 3678 3680 3690 3719 3803 3821 3825 3878 3927 
3565 3437 3477 3637 3756 
3568 3437 3460 3468 3484 3506 3524 3529 3534 3558 3564 3593 3601 3614 3617 3623 3645 3680 3758 3764 3768 3782 3786 3793 3810 3818 3825 3834 3843 3866 3906 3914 3915 3931 3947 3973 
3569 3437 3458 3463 3486 3506 3509 3591 3593 3680 3705 3706 3714 3793 3794 3803 3822 3826 3833 3869 3900 3906 3909 3924 3947 3951 3969 
3841 3437 3448 3449 3456 3480 3492 3501 3525 3540 3545 3577 3586 3596 3604 3625 3633 3651 3656 3674 3677 3684 3692 3693 3734 3756 3788 3830 3851 3929 3938 3948 3950 3962 
3840 3437 3472 3505 3508 3521 3526 3553 3629 3644 3685 3698 3850 
3843 3437 3499 3568 3645 3680 3825 3829 3927 
3842 3437 3438 3440 3456 3475 3484 3491 3495 3501 3521 3525 3540 3545 3577 3611 3618 3625 3633 3656 3667 3683 3684 3697 3703 3736 3780 3797 3817 3830 3831 3851 3873 3877 3886 3908 3929 3938 3948 3966 3968 3971 
3845 3437 3448 3471 3475 3485 3488 3491 3545 3604 3611 3672 3693 3702 3790 3804 3838 3851 3891 3902 3966 
3844 3437 3616 3638 3799 3848 
3847 3437 3477 3592 3610 3626 3660 3674 3677 3772 3775 3916 3953 3979 
3846 3437 3746 
3849 3437 3444 3742 3861 3904 
3848 3437 3616 3638 3799 3844 3918 
3889 3437 3448 3449 3501 3525 3545 3577 3586 3596 3604 3633 3756 3851 3938 3943 
3450 3437 3497 3528 3545 3596 3604 3605 3642 3672 3730 3731 3737 3790 3804 3838 3860 3913 3930 
3713 3437 3442 3455 3498 3521 3526 3590 3599 3608 3629 3636 3663 3705 3710 3715 3722 3728 3735 3740 3753 3802 3835 3862 3867 3907 3921 
3888 3437 3544 3592 3610 3659 3674 3677 3872 3950 3979 
3665 3437 3489 3652 3676 3825 3931 
3664 3437 3500 3537 3615 3696 3776 3901 3918 3933 3960 
3667 3437 3480 3495 3520 3540 3550 3563 3625 3633 3656 3683 3684 3692 3734 3736 3842 3852 3873 3886 3902 3948 3962 3968 
3666 3437 3521 3590 3599 3629 3636 3710 3728 3921 
3661 3437 3548 3737 3897 3908 3948 
3660 3437 3610 3775 3780 3847 3870 
3663 3437 3442 3455 3553 3590 3599 3710 3713 3728 3735 3740 3862 3921 3977 
3662 3437 3441 3446 3490 3531 3536 3546 3549 3566 3606 3624 3682 3745 3812 3814 3863 3905 
3746 3437 3846 
3747 3437 3478 3500 3505 3508 3547 3587 3607 3644 3655 3696 3698 3766 3776 3783 3791 3809 3920 3933 3960 3964 3967 
3744 3437 3717 3830 
3745 3437 3606 3662 3727 3812 3949 
3669 3437 3502 3700 3813 3830 3864 3911 
3668 3437 3464 3466 3469 3510 3529 3738 3761 3829 3945 3956 
3740 3437 3442 3455 3498 3521 3590 3599 3608 3615 3629 3636 3663 3705 3710 3713 3715 3722 3728 3735 3815 3835 3862 3865 3867 3907 3921 3977 
3741 1085 3437 3501 3563 3577 3609 3633 3684 3721 3780 3797 3830 3851 3852 3877 3938 3948 3966 
3918 3437 3442 3465 3519 3571 3579 3616 3632 3638 3647 3653 3664 3708 3720 3722 3749 3757 3759 3774 3789 3799 3830 3836 3837 3848 3854 3879 3901 3923 3957 3975 
3593 3437 3443 3458 3463 3486 3493 3506 3509 3515 3534 3555 3558 3568 3569 3584 3591 3601 3623 3631 3634 3646 3648 3680 3706 3711 3714 3718 3719 3738 3758 3764 3768 3782 3786 3793 3794 3810 3818 3829 3833 3855 3869 3906 3924 3931 3947 3951 
3592 862 1085 3437 3521 3522 3589 3626 3677 3847 3888 3891 3916 3979 
3591 3437 3463 3486 3506 3555 3569 3593 3680 3706 3714 3793 3794 3822 3826 3833 3855 3900 3924 3951 
3590 3437 3442 3455 3521 3526 3599 3608 3615 3629 3636 3663 3666 3705 3710 3713 3715 3722 3728 3740 3756 3815 3835 3862 3867 3907 3921 3944 
3597 3437 3442 3521 
3596 3437 3440 3448 3449 3450 3452 3456 3462 3488 3495 3497 3501 3503 3514 3518 3525 3528 3540 3542 3545 3557 3574 3576 3577 3578 3586 3603 3604 3605 3611 3627 3633 3635 3640 3642 3658 3670 3672 3674 3677 3681 3684 3686 3687 3692 3693 3702 3721 3730 3731 3734 3737 3750 3756 3762 3779 3780 3785 3788 3790 3797 3800 3804 3824 3828 3830 3832 3838 3841 3851 3858 3860 3877 3880 3884 3889 3902 3913 3926 3930 3938 3943 3948 3962 3966 3971 
3595 3437 3473 3538 3541 3567 3628 3657 3725 3739 3743 3857 3868 3912 3917 
3594 3437 3479 3481 3523 3562 3581 3613 3649 3695 3830 3883 3898 
3599 3437 3442 3455 3470 3498 3526 3553 3590 3608 3615 3629 3636 3663 3666 3705 3710 3713 3715 3722 3728 3735 3740 3753 3769 3773 3802 3815 3835 3850 3862 3867 3907 3921 
3598 3437 3472 3482 3505 3508 3521 3553 3685 3698 3850 3936 
1085 862 3437 3440 3456 3495 3501 3525 3540 3550 3556 3561 3577 3592 3609 3633 3651 3674 3677 3684 3692 3721 3741 3750 3756 3797 3830 3851 3872 3877 3886 3943 3948 3962 
3698 3437 3442 3472 3482 3505 3508 3521 3526 3553 3598 3607 3629 3644 3685 3728 3747 3840 3850 
3699 3437 3439 3616 
3690 3437 3483 3494 3499 3506 3507 3539 3564 3584 3617 3622 3680 3758 3768 3781 3782 3803 3821 3866 3869 3870 3878 3895 3927 3946 3955 
3691 3437 3560 3830 
3692 1085 3437 3449 3456 3480 3495 3501 3525 3540 3577 3586 3596 3609 3618 3625 3633 3656 3667 3674 3677 3683 3684 3693 3712 3721 3734 3756 3797 3830 3841 3851 3873 3877 3886 3938 3948 3962 3968 
3693 3437 3438 3448 3449 3454 3456 3480 3491 3540 3547 3556 3577 3586 3596 3633 3674 3677 3684 3692 3734 3756 3838 3841 3845 3851 3938 3948 3970 3971 
3694 3437 3535 3608 3816 3867 
3695 3437 3479 3481 3516 3523 3562 3581 3594 3613 3639 3649 3830 3883 3898 3919 
3696 3437 3478 3500 3587 3641 3655 3664 3747 3776 3783 3791 3920 3933 3960 3967 
3697 3437 3440 3448 3456 3492 3495 3545 3586 3654 3677 3684 3756 3797 3824 3830 3831 3842 3858 3884 3938 3971 
3878 3437 3468 3483 3564 3617 3622 3680 3690 3821 3903 
3879 3437 3918 
3870 3437 3486 3558 3584 3620 3643 3660 3680 3690 3706 3711 3714 3718 3793 3794 3822 3826 3859 3869 3896 3900 3903 3906 3924 3947 3951 
3871 3437 3473 3538 3628 3725 3739 3743 3917 
3872 862 1085 3437 3495 3522 3550 3575 3672 3684 3779 3797 3888 3950 3979 
3873 3437 3449 3456 3471 3475 3484 3495 3501 3512 3525 3563 3577 3618 3625 3633 3651 3667 3684 3692 3721 3734 3736 3737 3824 3830 3842 3851 3852 3877 3886 3902 3938 3943 3948 3962 3966 3968 3971 
3874 3437 3473 3538 3541 3567 3628 3725 3739 3743 3819 3868 3892 3912 3917 
3875 3437 3887 
3876 3437 3442 3455 3470 3521 3629 3722 3753 3778 
3877 1085 3437 3438 3440 3449 3452 3462 3471 3475 3488 3495 3501 3517 3533 3559 3573 3574 3576 3577 3578 3596 3605 3609 3611 3633 3651 3672 3683 3684 3692 3702 3721 3731 3734 3741 3750 3756 3780 3824 3838 3842 3851 3852 3873 3886 3902 3929 3930 3938 3943 3948 3962 3966 3968 3971 
3526 3437 3442 3455 3471 3472 3475 3505 3520 3521 3543 3553 3559 3563 3573 3590 3599 3629 3684 3685 3698 3713 3722 3753 3769 3773 3831 3840 3850 3862 3865 
3527 3437 3448 3488 3497 3528 3542 3545 3557 3604 3611 3672 3702 3707 3785 3800 3804 3838 3851 3902 3926 3930 3938 3966 
3524 3437 3468 3483 3535 3568 3584 3601 3602 3623 3645 3768 3770 3782 3786 3866 3906 
3525 1085 3437 3440 3495 3501 3512 3540 3550 3551 3563 3573 3577 3596 3625 3651 3656 3674 3677 3683 3692 3721 3734 3737 3756 3780 3841 3842 3851 3873 3886 3889 3948 3950 3962 3968 3970 
3522 3437 3438 3592 3677 3779 3872 3930 3950 3979 
3523 3437 3479 3516 3562 3581 3594 3613 3639 3649 3695 3830 3883 3898 3919 
3520 3437 3470 3496 3526 3550 3625 3667 3672 3684 3971 
3521 3437 3442 3455 3470 3472 3482 3484 3492 3496 3498 3505 3508 3526 3550 3553 3556 3573 3590 3592 3597 3598 3608 3615 3618 3625 3629 3666 3672 3684 3685 3698 3705 3710 3713 3722 3728 3735 3740 3753 3769 3773 3778 3797 3802 3815 3827 3831 3835 3840 3842 3850 3867 3876 3907 3921 3936 3948 3962 
3828 3437 3448 3475 3514 3545 3557 3574 3576 3577 3578 3596 3603 3604 3605 3633 3640 3642 3651 3658 3677 3684 3707 3756 3790 3838 3860 3938 3966 
3528 3437 3450 3485 3488 3497 3514 3518 3527 3542 3545 3557 3559 3576 3596 3604 3605 3611 3627 3640 3681 3687 3702 3707 3730 3737 3790 3800 3804 3824 3832 3838 3858 3860 3926 3930 3938 
3885 3437 3801 
3884 3437 3456 3488 3495 3501 3514 3545 3559 3596 3633 3640 3651 3687 3697 3731 3734 3737 3750 3756 3762 3790 3804 3824 3831 3838 3858 3860 3902 3926 3930 3938 3948 3968 3971 
3887 3437 3537 3809 3875 3931 
3886 1085 3437 3440 3455 3525 3540 3552 3563 3577 3609 3625 3651 3656 3667 3674 3683 3684 3692 3756 3797 3830 3842 3852 3873 3877 3948 3962 3968 3971 
3881 3437 3460 3466 3468 3469 3499 3510 3534 3535 3558 3601 3711 3764 3782 3810 3821 3834 3866 
3448 3437 3438 3449 3456 3471 3475 3485 3491 3495 3501 3527 3540 3545 3577 3586 3596 3604 3609 3611 3633 3640 3642 3677 3684 3693 3697 3734 3737 3756 3779 3797 3800 3804 3828 3830 3838 3841 3845 3851 3860 3889 3930 3938 3943 3944 3948 3966 
3883 3437 3479 3481 3516 3523 3562 3581 3594 3613 3639 3649 3695 3830 3898 3919 
3882 3437 3671 3680 3792 
3445 3437 3538 3628 3725 3743 3819 3868 
3444 3437 3742 3849 3861 3904 
3447 3437 3580 3624 3679 3682 3894 
3446 3437 3490 3531 3546 3549 3580 3585 3624 3662 3814 3863 
3441 3437 3536 3538 3546 3662 3949 
3440 1085 3437 3495 3501 3525 3540 3545 3576 3596 3600 3633 3684 3697 3703 3734 3755 3780 3797 3805 3842 3851 3877 3886 3938 3968 3971 
3443 3437 3460 3464 3466 3469 3529 3554 3582 3593 3630 3634 3645 3738 3752 3829 3859 3906 3909 3915 3937 3956 3972 
3442 3437 3455 3470 3472 3505 3508 3521 3526 3553 3590 3597 3599 3608 3615 3629 3636 3644 3663 3678 3685 3698 3705 3710 3713 3715 3722 3728 3735 3740 3753 3773 3778 3791 3802 3835 3850 3865 3867 3876 3907 3918 3921 3936 3941 3977 
3904 3437 3444 3511 3539 3584 3849 3861 
3905 3437 3490 3549 3580 3624 3662 3679 3806 
3906 3437 3443 3463 3486 3509 3524 3529 3534 3558 3568 3569 3584 3593 3601 3620 3623 3705 3706 3714 3718 3758 3768 3782 3784 3786 3793 3794 3803 3810 3821 3822 3826 3833 3866 3869 3870 3900 3909 3924 3931 3937 3969 3973 3976 
3907 3437 3442 3455 3498 3521 3590 3599 3608 3615 3629 3636 3641 3705 3710 3713 3715 3722 3728 3740 3753 3802 3815 3835 3867 3921 3960 
3900 3437 3458 3460 3468 3486 3493 3509 3511 3529 3569 3584 3591 3614 3620 3680 3706 3714 3718 3786 3793 3794 3822 3826 3829 3833 3869 3870 3906 3909 3924 3947 3951 3969 3976 
3901 3437 3482 3537 3664 3791 3809 3918 3933 
3902 3437 3452 3471 3475 3488 3497 3518 3527 3542 3545 3559 3573 3576 3596 3604 3611 3621 3667 3672 3684 3702 3703 3731 3762 3790 3804 3824 3830 3838 3845 3852 3860 3873 3877 3884 3891 3926 3930 3934 3938 3940 3966 
3903 3437 3458 3493 3506 3558 3584 3631 3643 3648 3711 3718 3794 3870 3878 3896 3924 3951 3969 
3908 3437 3495 3548 3661 3842 3880 3897 
3909 3437 3443 3463 3486 3509 3511 3529 3558 3569 3643 3680 3726 3794 3822 3826 3833 3900 3906 3924 3931 3945 3976 
3971 3437 3438 3440 3449 3456 3471 3475 3480 3484 3491 3495 3501 3520 3540 3545 3550 3556 3586 3596 3611 3618 3633 3684 3693 3697 3703 3734 3750 3755 3780 3797 3817 3830 3831 3838 3842 3851 3852 3873 3877 3884 3886 3926 3938 3948 3966 3968 
3970 3437 3525 3619 3693 3830 3880 
3973 3437 3568 3584 3784 3793 3833 3906 3947 
3972 3437 3443 3460 3466 3469 3529 3554 3602 3634 3726 3738 3752 3761 3764 3829 3915 3945 3956 
3975 3437 3465 3476 3519 3571 3579 3701 3708 3757 3759 3774 3836 3837 3918 3957 
3974 3437 
3977 3437 3442 3629 3663 3740 3769 
3976 3437 3486 3584 3643 3793 3822 3826 3833 3855 3896 3900 3906 3909 3924 3947 
3979 3437 3522 3592 3610 3626 3659 3674 3779 3847 3872 3888 3950 
3978 3437 3495 3625 3914 
3629 3437 3442 3455 3470 3472 3496 3498 3505 3521 3526 3553 3590 3599 3615 3636 3666 3698 3705 3710 3713 3722 3728 3735 3740 3753 3769 3778 3815 3835 3840 3850 3862 3867 3876 3907 3921 3977 
3628 3437 3445 3473 3538 3541 3542 3547 3567 3595 3657 3725 3739 3743 3760 3819 3857 3868 3871 3874 3892 3912 3917 3962 
3621 857 862 3437 3454 3495 3684 3689 3721 3797 3861 3902 
3620 3437 3506 3558 3584 3646 3648 3711 3714 3718 3764 3792 3810 3870 3900 3906 3969 
3623 3437 3468 3506 3524 3535 3568 3593 3601 3645 3758 3768 3782 3786 3793 3810 3818 3866 3906 3947 
3622 3437 3468 3532 3564 3617 3690 3719 3803 3821 3878 3927 3931 
3625 3437 3449 3480 3495 3501 3520 3521 3525 3550 3552 3556 3573 3577 3618 3633 3656 3667 3672 3674 3677 3684 3692 3721 3734 3756 3797 3830 3841 3842 3851 3873 3886 3938 3948 3962 3968 3978 
3624 3437 3446 3447 3490 3536 3546 3549 3662 3679 3806 3814 3863 3905 3949 
3627 3437 3485 3488 3514 3528 3545 3557 3559 3596 3604 3635 3640 3681 3702 3707 3730 3790 3804 3824 
3626 857 3437 3504 3592 3839 3847 3916 3979 
3470 3437 3442 3455 3520 3521 3553 3599 3629 3710 3753 3767 3769 3773 3778 3796 3876 
3471 3437 3448 3475 3484 3485 3526 3540 3543 3545 3611 3672 3684 3702 3838 3845 3851 3852 3873 3877 3902 3930 3938 3940 3966 3971 
3715 3437 3442 3455 3498 3590 3599 3710 3713 3740 3815 3835 3867 3907 3921 
3714 3437 3463 3486 3506 3509 3569 3572 3591 3593 3620 3680 3705 3706 3793 3794 3803 3822 3823 3829 3833 3869 3870 3900 3906 3924 3951 
3717 3437 3744 3830 
3716 3437 3439 3616 3638 3647 3799 3932 
3711 3437 3458 3486 3493 3506 3558 3584 3593 3620 3631 3643 3646 3648 3680 3718 3719 3758 3784 3792 3794 3810 3826 3870 3881 3896 3903 3924 3951 3969 
3710 3437 3442 3455 3470 3521 3553 3590 3599 3608 3629 3636 3663 3666 3713 3715 3722 3728 3735 3740 3753 3769 3835 3862 3867 3907 3921 
3498 3437 3455 3521 3599 3615 3629 3636 3705 3713 3715 3722 3728 3740 3835 3862 3867 3907 3921 
3712 3437 3491 3586 3677 3692 3734 3838 3938 
3496 3437 3487 3492 3505 3520 3521 3547 3550 3551 3629 3672 3677 3684 3722 3750 3775 3817 3831 3861 
3497 3437 3450 3518 3527 3528 3542 3543 3545 3576 3596 3604 3611 3658 3672 3707 3790 3804 3824 3838 3852 3902 3926 3940 3966 
3494 3437 3583 3690 3705 
3495 857 862 1085 3437 3440 3448 3449 3456 3461 3501 3525 3545 3548 3577 3586 3596 3609 3618 3621 3625 3633 3651 3667 3684 3687 3692 3697 3721 3734 3750 3756 3796 3797 3824 3830 3831 3842 3851 3860 3872 3873 3877 3880 3884 3908 3929 3930 3934 3938 3943 3944 3948 3962 3968 3971 3978 
3719 3437 3458 3493 3499 3511 3558 3564 3584 3593 3617 3622 3643 3646 3648 3711 3758 3764 3770 3810 3895 3924 3927 3951 
3718 3437 3458 3468 3506 3509 3584 3593 3620 3643 3680 3711 3758 3792 3793 3810 3822 3826 3833 3870 3896 3900 3903 3906 3924 3947 3951 3969 
3490 3437 3446 3531 3546 3549 3580 3585 3624 3662 3682 3771 3814 3863 3894 3905 
3491 3437 3438 3448 3449 3480 3540 3545 3586 3611 3684 3693 3712 3788 3797 3838 3842 3845 3851 3938 3962 3966 3968 3971 
3658 3437 3452 3488 3497 3542 3576 3596 3604 3642 3731 3756 3785 3800 3828 3891 3966 
3659 3437 3610 3637 3642 3772 3779 3888 3930 3950 3979 
3811 3437 3546 3949 
3654 3437 3456 3545 3633 3697 3703 3755 3804 3824 3830 3930 3938 
3655 3437 3478 3500 3587 3641 3696 3747 3776 3783 3791 3920 3933 3960 3964 3967 
3656 3437 3525 3540 3563 3577 3625 3633 3667 3677 3683 3684 3692 3734 3750 3756 3830 3841 3842 3886 3929 3948 3968 
3657 3437 3538 3541 3567 3595 3628 3725 3739 3743 3819 3857 3868 3892 
3650 3437 
3651 1085 3437 3449 3456 3477 3480 3495 3501 3525 3545 3577 3586 3633 3674 3677 3683 3734 3750 3756 3824 3828 3830 3841 3851 3858 3873 3877 3884 3886 3929 3938 3948 
3652 3437 3466 3489 3614 3665 3676 3825 
3653 3437 3720 3789 3918 
698 857 862 3437 
3449 3437 3438 3448 3456 3480 3491 3495 3501 3517 3545 3577 3586 3596 3604 3609 3618 3625 3633 3651 3674 3677 3684 3692 3693 3721 3734 3737 3756 3788 3796 3797 3800 3805 3830 3838 3841 3851 3873 3877 3889 3938 3943 3948 3962 3971 
3880 3437 3454 3495 3596 3605 3619 3670 3830 3908 3970 
3827 3437 3455 3505 3521 3553 3588 3722 3778 
3826 3437 3463 3468 3486 3506 3509 3558 3569 3584 3591 3643 3680 3705 3711 3718 3793 3794 3822 3833 3869 3870 3890 3896 3900 3906 3909 3924 3947 3951 3958 3969 3976 
3825 3437 3459 3469 3489 3499 3534 3535 3561 3564 3568 3583 3600 3601 3612 3614 3617 3652 3665 3676 3758 3764 3793 3821 3843 3893 3927 3931 
3824 3437 3452 3456 3462 3488 3495 3497 3501 3514 3518 3528 3542 3545 3557 3576 3578 3596 3605 3611 3627 3633 3640 3651 3654 3670 3687 3697 3702 3730 3731 3734 3737 3756 3762 3790 3800 3804 3830 3831 3838 3858 3860 3873 3877 3884 3902 3913 3926 3938 3966 
3823 3437 3464 3468 3474 3507 3535 3539 3601 3617 3714 3781 3927 3946 3956 
3822 3437 3458 3463 3486 3506 3569 3572 3591 3680 3705 3706 3714 3718 3786 3792 3793 3794 3826 3833 3855 3869 3870 3896 3900 3906 3909 3924 3951 3969 3976 
3821 3437 3466 3483 3499 3510 3511 3535 3564 3584 3617 3622 3671 3690 3738 3764 3803 3825 3829 3834 3878 3881 3906 3927 3931 3933 3947 
3820 3437 
3940 3437 3471 3475 3484 3497 3542 3543 3672 3838 3902 3966 
3941 3437 3442 3612 3645 3779 3893 3930 
3942 3437 3561 
3943 1085 3437 3448 3449 3456 3495 3501 3545 3577 3596 3604 3609 3633 3677 3756 3800 3830 3838 3851 3873 3877 3889 3926 3938 3948 
3944 3437 3448 3457 3495 3559 3577 3590 3683 3756 3800 3838 3948 3962 
3945 3437 3459 3460 3464 3466 3468 3469 3474 3510 3529 3554 3558 3561 3602 3612 3614 3630 3634 3668 3726 3738 3752 3758 3761 3768 3782 3786 3829 3909 3915 3927 3937 3956 3972 
3829 3437 3443 3460 3464 3466 3469 3474 3499 3506 3510 3515 3529 3532 3534 3554 3555 3558 3593 3602 3630 3634 3668 3714 3726 3738 3752 3758 3761 3767 3777 3821 3843 3900 3915 3945 3956 3972 
3947 3437 3463 3499 3509 3529 3558 3568 3569 3584 3593 3623 3718 3758 3768 3782 3784 3786 3793 3794 3810 3821 3826 3833 3866 3869 3870 3900 3924 3931 3951 3973 3976 
3474 3437 3460 3464 3469 3554 3602 3604 3630 3634 3738 3761 3764 3823 3829 3915 3945 3956 3967 
3475 3437 3448 3471 3484 3485 3488 3501 3526 3543 3545 3586 3611 3642 3672 3684 3702 3828 3838 3842 3845 3851 3852 3873 3877 3902 3926 3930 3938 3940 3948 3966 3971 
3476 3437 3465 3519 3579 3675 3701 3708 3757 3759 3774 3809 3836 3837 3957 3975 
3477 3437 3565 3637 3651 3756 3847 
3579 3437 3465 3476 3519 3571 3675 3701 3708 3757 3759 3774 3836 3837 3918 3957 3975 
3578 3437 3514 3518 3545 3596 3604 3611 3633 3640 3670 3683 3730 3731 3737 3790 3804 3824 3828 3830 3838 3858 3860 3877 3938 
3472 3437 3442 3482 3505 3508 3521 3526 3553 3598 3629 3644 3685 3698 3840 3850 
3473 3437 3538 3541 3567 3595 3628 3725 3739 3743 3819 3857 3868 3871 3874 3892 3912 3917 
3575 3437 3672 3872 
3574 3437 3557 3576 3596 3605 3611 3635 3640 3642 3731 3762 3828 3830 3877 3891 
3577 862 1085 3437 3448 3449 3456 3495 3501 3512 3517 3525 3545 3576 3586 3596 3604 3609 3611 3618 3625 3633 3642 3651 3656 3674 3677 3684 3692 3693 3721 3734 3741 3756 3780 3797 3800 3828 3830 3841 3842 3851 3873 3877 3886 3889 3929 3938 3943 3944 3948 3962 3968 
3576 3437 3440 3452 3462 3488 3497 3503 3528 3543 3545 3559 3573 3574 3577 3596 3604 3605 3611 3640 3642 3658 3670 3702 3707 3731 3756 3785 3790 3800 3824 3828 3830 3838 3858 3860 3877 3891 3902 3926 3930 3938 3966 
3478 3437 3500 3587 3607 3655 3696 3747 3766 3776 3783 3791 3809 3920 3933 3960 3964 3967 
3479 3437 3481 3516 3523 3562 3581 3594 3613 3639 3649 3695 3830 3883 3898 3919 
3573 3437 3452 3488 3521 3525 3526 3550 3552 3559 3576 3611 3625 3672 3702 3797 3838 3852 3877 3891 3902 3930 3966 
3572 3437 3486 3705 3706 3714 3794 3822 3869 
3610 3437 3532 3659 3660 3674 3732 3764 3772 3779 3847 3888 3927 3950 3953 3979 
3758 3437 3459 3468 3499 3506 3529 3534 3535 3555 3558 3568 3583 3584 3593 3612 3614 3617 3623 3646 3648 3690 3711 3718 3719 3761 3764 3768 3777 3782 3786 3793 3810 3818 3825 3829 3833 3855 3906 3924 3937 3945 3947 3951 3969 
3612 3437 3464 3534 3561 3600 3673 3758 3759 3764 3810 3825 3836 3837 3869 3893 3895 3937 3941 3945 
3613 3437 3479 3481 3516 3523 3562 3581 3594 3639 3649 3695 3830 3883 3898 3919 
3614 3437 3459 3529 3534 3568 3652 3758 3825 3900 3945 
3615 3437 3442 3498 3500 3508 3521 3590 3599 3608 3629 3636 3664 3705 3740 3776 3815 3835 3867 3907 3921 
3616 3437 3439 3513 3638 3647 3699 3716 3799 3844 3848 3918 3932 
3617 3437 3464 3483 3499 3532 3534 3555 3564 3568 3584 3604 3622 3645 3680 3690 3719 3724 3738 3754 3758 3777 3793 3803 3821 3823 3825 3830 3834 3869 3878 3895 3927 3931 
3751 3437 3720 3749 3787 3789 3923 
3750 1085 3437 3456 3495 3496 3540 3547 3596 3609 3618 3633 3651 3656 3674 3684 3756 3779 3795 3797 3830 3831 3851 3877 3884 3938 3948 3950 3968 3971 
3753 3437 3442 3455 3470 3505 3521 3526 3553 3599 3629 3636 3710 3713 3722 3728 3735 3773 3778 3802 3835 3850 3867 3876 3907 3921 
3752 3437 3443 3460 3469 3510 3529 3554 3561 3582 3634 3726 3738 3761 3764 3829 3915 3937 3945 3972 
3755 3437 3440 3545 3654 3703 3830 3926 3971 
3754 3437 3483 3506 3507 3555 3617 3738 3927 
3757 3437 3465 3476 3519 3571 3579 3675 3701 3708 3759 3774 3836 3837 3899 3918 3957 3975 
3756 1085 3437 3448 3449 3456 3462 3477 3480 3492 3495 3501 3517 3525 3545 3565 3576 3577 3586 3590 3596 3603 3604 3605 3609 3625 3633 3637 3651 3656 3658 3674 3677 3683 3684 3692 3693 3697 3707 3721 3734 3750 3772 3785 3797 3800 3824 3828 3830 3841 3851 3877 3884 3886 3889 3929 3938 3943 3944 3948 3962 3968 
862 698 857 1085 3437 3456 3495 3501 3517 3550 3577 3586 3592 3609 3621 3633 3677 3684 3721 3779 3797 3872 3948 
3728 3437 3442 3455 3498 3508 3521 3553 3590 3599 3608 3629 3636 3663 3666 3698 3710 3713 3722 3735 3740 3753 3769 3815 3835 3862 3867 3907 3921 
3729 3437 
3724 3437 3464 3483 3511 3539 3617 
3725 3437 3445 3473 3538 3541 3567 3595 3628 3657 3739 3743 3819 3857 3868 3871 3874 3892 3912 3917 
3726 3437 3460 3464 3466 3469 3529 3554 3738 3752 3829 3861 3909 3945 3956 3972 
3727 3437 3536 3606 3745 3771 3949 
3720 3437 3632 3653 3749 3751 3787 3789 3802 3918 3923 
3721 862 1085 3437 3449 3495 3501 3525 3577 3596 3604 3609 3621 3625 3633 3684 3689 3692 3702 3741 3756 3796 3797 3830 3858 3860 3873 3877 3938 3948 3968 
3722 3437 3442 3455 3496 3498 3505 3508 3521 3526 3545 3553 3590 3599 3608 3629 3636 3705 3710 3713 3728 3740 3753 3773 3778 3802 3827 3835 3850 3862 3876 3907 3918 3921 
3723 567 3437 3487 3504 3530 3551 3566 3961 
3689 3437 3621 3721 
3688 3437 3556 
3683 3437 3525 3563 3578 3651 3656 3667 3692 3756 3790 3830 3842 3877 3886 3944 3948 3968 
3682 3437 3447 3490 3536 3549 3662 3812 3814 3949 
3681 3437 3485 3528 3545 3559 3596 3627 3707 3790 3804 
3680 3437 3463 3464 3466 3468 3486 3493 3499 3506 3554 3564 3568 3569 3591 3593 3617 3643 3645 3690 3706 3711 3714 3718 3794 3803 3822 3826 3830 3833 3843 3869 3870 3878 3882 3895 3900 3909 3924 3931 3951 3955 3958 3969 
3687 3437 3456 3488 3495 3514 3518 3528 3542 3545 3557 3596 3604 3605 3633 3640 3670 3702 3730 3731 3737 3762 3790 3800 3804 3824 3830 3838 3858 3860 3884 3926 3938 3966 
3686 3437 3596 3635 3670 
3685 3437 3442 3455 3472 3482 3505 3508 3521 3526 3553 3598 3644 3698 3840 3850 
3684 862 1085 3437 3440 3448 3449 3471 3475 3480 3484 3491 3492 3495 3496 3501 3520 3521 3526 3540 3545 3547 3550 3556 3563 3577 3586 3596 3618 3621 3625 3633 3656 3667 3672 3677 3692 3693 3697 3702 3721 3734 3736 3741 3750 3756 3780 3797 3817 3828 3830 3831 3841 3842 3851 3852 3872 3873 3877 3886 3902 3926 3938 3948 3962 3966 3968 3971 
3489 3437 3652 3665 3676 3825 
3869 3437 3463 3486 3506 3509 3510 3529 3558 3569 3572 3583 3593 3602 3604 3612 3617 3680 3690 3705 3706 3714 3794 3803 3822 3826 3833 3870 3900 3906 3924 3931 3947 
3868 3437 3445 3473 3538 3541 3567 3595 3628 3657 3725 3739 3743 3819 3857 3874 3892 3912 3917 
3761 3437 3460 3464 3466 3469 3474 3510 3529 3534 3554 3602 3634 3668 3738 3752 3758 3829 3915 3945 3956 3972 
3863 3437 3446 3490 3531 3546 3549 3585 3624 3662 3679 3894 
3862 3437 3455 3498 3526 3588 3590 3599 3608 3629 3636 3663 3710 3713 3722 3728 3740 3835 3867 3921 
3861 567 3437 3444 3454 3463 3496 3600 3604 3621 3726 3733 3742 3849 3859 3904 3954 
3860 3437 3448 3450 3488 3495 3514 3518 3528 3545 3557 3576 3578 3596 3604 3605 3611 3633 3640 3642 3687 3721 3731 3737 3785 3790 3804 3824 3828 3830 3838 3858 3884 3902 3913 3930 3938 3966 
3867 3437 3442 3455 3498 3521 3553 3590 3599 3608 3615 3629 3636 3694 3705 3710 3713 3715 3728 3735 3740 3753 3815 3835 3862 3907 3921 
3866 3437 3468 3511 3524 3535 3558 3568 3584 3601 3623 3645 3690 3768 3782 3793 3818 3881 3906 3947 
3865 3437 3442 3526 3740 
3864 3437 3502 3669 3700 3813 3830 3911 
3531 3437 3446 3490 3546 3549 3662 3771 3863 3949 
3530 3437 3487 3504 3511 3551 3673 3723 3925 
3533 3437 3438 3467 3501 3512 3517 3633 3674 3734 3760 3795 3830 3877 3929 3948 
3532 3437 3468 3499 3535 3564 3610 3617 3622 3767 3777 3803 3829 3927 3931 3956 
3535 3437 3468 3499 3524 3532 3534 3584 3601 3623 3645 3694 3758 3782 3821 3823 3825 3866 3881 3927 
3534 3437 3459 3468 3499 3506 3535 3564 3568 3593 3612 3614 3617 3705 3758 3761 3770 3793 3810 3825 3829 3881 3906 3937 
3537 3437 3664 3887 3901 
3536 3437 3441 3549 3606 3624 3662 3679 3682 3727 3812 3922 
3539 3437 3583 3584 3678 3690 3724 3823 3890 3895 3904 
3830 1085 3437 3448 3449 3456 3457 3467 3479 3480 3481 3488 3495 3501 3502 3512 3514 3516 3517 3518 3523 3533 3540 3545 3552 3560 3562 3563 3574 3576 3577 3578 3586 3594 3596 3604 3605 3609 3611 3613 3617 3625 3633 3635 3639 3649 3651 3654 3656 3669 3670 3674 3680 3683 3684 3687 3691 3692 3695 3697 3700 3702 3703 3717 3721 3734 3736 3741 3744 3750 3755 3756 3760 3765 3790 3795 3797 3800 3804 3813 3824 3831 3832 3841 3842 3851 3858 3860 3864 3873 3880 3883 3886 3898 3902 3911 3913 3918 3919 3926 3930 3943 3948 3957 3962 3966 3968 3970 3971 
3938 3437 3438 3440 3448 3449 3456 3457 3471 3475 3480 3488 3491 3495 3501 3514 3518 3527 3528 3545 3557 3576 3577 3578 3586 3596 3604 3605 3609 3611 3625 3633 3635 3640 3642 3651 3654 3670 3672 3674 3677 3684 3687 3692 3693 3697 3702 3703 3712 3721 3731 3734 3736 3737 3741 3750 3756 3779 3790 3797 3800 3804 3824 3828 3831 3838 3841 3842 3851 3858 3860 3873 3877 3884 3889 3902 3926 3930 3943 3948 3962 3966 3968 3971 
3438 3437 3448 3449 3456 3480 3491 3501 3517 3522 3533 3540 3545 3586 3633 3677 3693 3734 3760 3784 3842 3851 3877 3938 3971 
3439 3437 3513 3616 3638 3647 3699 3716 3799 3932 
3948 862 1085 3437 3448 3449 3456 3475 3495 3501 3517 3521 3525 3533 3548 3563 3577 3586 3596 3604 3605 3609 3625 3633 3635 3651 3656 3661 3667 3670 3674 3677 3683 3684 3692 3693 3702 3721 3734 3736 3741 3750 3756 3760 3797 3830 3841 3842 3851 3873 3877 3884 3886 3929 3938 3943 3944 3962 3968 3971 
3481 3437 3479 3516 3562 3581 3594 3613 3639 3649 3695 3830 3883 3898 3919 
3742 3437 3444 3849 3861 3954 
3480 3437 3438 3449 3491 3540 3545 3586 3604 3625 3633 3651 3667 3674 3677 3684 3692 3693 3734 3756 3799 3830 3841 3938 3968 3971 
3917 3437 3473 3538 3567 3595 3628 3725 3743 3819 3857 3868 3871 3874 3892 3912 
3916 3437 3592 3626 3805 3847 3891 3950 
3915 3437 3443 3460 3464 3466 3469 3474 3510 3529 3554 3568 3604 3634 3738 3752 3761 3764 3829 3914 3945 3956 3972 
3914 3437 3568 3604 3768 3794 3915 3967 3978 
3913 3437 3450 3488 3514 3545 3596 3604 3611 3707 3730 3731 3790 3800 3804 3824 3830 3858 3860 
3912 3437 3473 3538 3541 3567 3595 3628 3725 3739 3743 3819 3868 3874 3892 3917 
3911 3437 3502 3669 3700 3813 3830 3864 
3910 3437 3701 3774 3836 
3949 3437 3441 3531 3546 3585 3624 3682 3727 3745 3771 3811 3814 
3931 3437 3460 3463 3510 3532 3568 3583 3593 3617 3622 3665 3680 3764 3782 3793 3821 3825 3869 3887 3906 3909 3947 
3919 3437 3479 3481 3516 3523 3562 3613 3649 3695 3830 3883 3898 
3839 3437 3504 3586 3626 3677 
3544 3437 3674 3775 3808 3888 
3545 3437 3438 3440 3448 3449 3450 3452 3456 3471 3475 3480 3488 3491 3495 3497 3501 3514 3518 3527 3528 3542 3557 3559 3576 3577 3578 3586 3596 3604 3605 3611 3627 3633 3640 3642 3651 3654 3672 3674 3677 3681 3684 3687 3697 3702 3703 3722 3730 3731 3734 3737 3755 3756 3785 3788 3790 3800 3804 3824 3828 3830 3831 3838 3841 3842 3845 3851 3852 3858 3860 3884 3889 3891 3902 3913 3926 3930 3938 3943 3962 3966 3968 3971 
3546 3437 3441 3446 3490 3531 3549 3580 3624 3662 3679 3811 3863 3894 3939 3949 3963 
3547 3437 3454 3496 3548 3628 3677 3684 3693 3747 3750 3775 3779 3950 
3540 1085 3437 3438 3440 3448 3471 3480 3491 3525 3556 3563 3596 3618 3656 3667 3674 3677 3684 3692 3693 3734 3750 3760 3780 3797 3830 3841 3842 3851 3886 3962 3966 3968 3971 
3541 3437 3473 3538 3595 3628 3657 3725 3743 3868 3874 3892 3912 
3542 3437 3488 3497 3514 3518 3527 3528 3543 3545 3559 3596 3604 3611 3628 3635 3658 3672 3687 3702 3707 3730 3790 3800 3804 3817 3824 3838 3852 3902 3926 3930 3940 3966 
3543 3437 3471 3475 3497 3526 3542 3576 3605 3859 3940 
3548 3437 3495 3547 3661 3737 3897 3908 3948 
3549 3437 3446 3490 3531 3536 3546 3566 3585 3624 3662 3682 3812 3814 3863 3905 
3759 3437 3465 3476 3519 3571 3579 3612 3675 3701 3705 3708 3757 3774 3836 3837 3918 3957 3965 3975 
3611 3437 3448 3452 3462 3471 3475 3485 3488 3491 3497 3514 3518 3527 3528 3542 3545 3556 3557 3573 3574 3576 3577 3578 3596 3604 3605 3633 3635 3640 3672 3731 3734 3737 3762 3785 3790 3800 3804 3817 3824 3830 3838 3842 3845 3851 3852 3858 3860 3877 3891 3902 3913 3926 3930 3938 3966 3971 
3618 3437 3449 3456 3495 3521 3540 3577 3609 3625 3633 3684 3692 3734 3750 3797 3842 3851 3873 3968 3971 
3619 3437 3760 3880 3970 
3760 3437 3438 3501 3512 3514 3517 3533 3540 3586 3619 3628 3633 3674 3734 3830 3948 3962 
3488 3437 3452 3462 3475 3485 3514 3518 3527 3528 3542 3545 3557 3559 3573 3576 3596 3604 3605 3611 3627 3640 3658 3672 3687 3702 3707 3730 3731 3737 3790 3800 3804 3824 3830 3838 3845 3858 3860 3877 3884 3891 3902 3913 3926 3930 3938 3966 
3762 3437 3456 3462 3559 3574 3596 3611 3640 3687 3731 3800 3804 3824 3884 3902 3930 3934 
3763 3437 3459 3511 3584 3646 3648 3705 3782 3793 3799 3810 3924 
3764 3437 3464 3468 3469 3474 3499 3568 3584 3593 3610 3612 3620 3645 3719 3752 3758 3767 3793 3810 3818 3821 3825 3834 3881 3895 3915 3927 3931 3972 
3765 3437 3586 3830 3930 
3766 3437 3478 3500 3587 3747 3776 3791 3809 3933 3964 
3767 3437 3470 3532 3555 3764 3782 3803 3829 3927 3958 
3768 3437 3460 3524 3558 3568 3584 3593 3601 3623 3671 3690 3758 3770 3782 3786 3793 3810 3818 3866 3906 3914 3945 3947 
3769 3437 3455 3470 3521 3526 3553 3599 3629 3636 3710 3728 3778 3977 
3483 3437 3499 3524 3617 3690 3724 3754 3782 3793 3821 3878 3895 3937 
3482 3437 3472 3505 3508 3521 3553 3598 3644 3685 3698 3832 3850 3901 
3485 3437 3448 3471 3475 3488 3514 3518 3528 3559 3611 3627 3681 3790 3804 3817 3838 3845 3930 3966 
3484 3437 3471 3475 3501 3521 3568 3633 3684 3817 3831 3842 3873 3940 3968 3971 
3487 567 3437 3496 3504 3530 3551 3566 3723 3925 3961 
3486 3437 3463 3493 3506 3509 3569 3572 3591 3593 3680 3705 3706 3711 3714 3793 3794 3803 3822 3826 3833 3855 3869 3870 3900 3906 3909 3924 3951 3969 3976 
3649 3437 3479 3481 3516 3523 3562 3581 3594 3613 3639 3695 3830 3883 3898 3919 
3648 3437 3458 3493 3506 3511 3558 3593 3620 3631 3643 3646 3706 3711 3719 3758 3763 3792 3810 3816 3903 3924 
3647 3437 3439 3616 3638 3716 3799 3918 3932 
3646 3437 3493 3506 3558 3584 3593 3620 3643 3648 3711 3719 3758 3763 3810 3924 3951 3969 
3645 3437 3443 3459 3468 3524 3535 3568 3601 3604 3617 3623 3680 3764 3782 3786 3843 3866 3941 
3644 3437 3442 3472 3482 3505 3508 3553 3607 3685 3698 3747 3840 3850 
3643 3437 3458 3506 3558 3584 3646 3648 3680 3711 3718 3719 3794 3810 3826 3833 3855 3870 3895 3896 3903 3909 3924 3951 3976 
3642 3437 3448 3450 3454 3475 3545 3557 3574 3576 3577 3596 3640 3658 3659 3730 3731 3737 3779 3828 3838 3860 3930 3938 
3641 3437 3500 3587 3655 3696 3907 3920 3933 3960 3967 
3640 3437 3448 3488 3503 3514 3518 3528 3545 3557 3574 3576 3578 3596 3603 3604 3605 3611 3627 3635 3642 3670 3687 3702 3707 3730 3731 3734 3737 3762 3785 3790 3800 3804 3824 3828 3832 3838 3858 3860 3884 3926 3938 
3812 3437 3459 3536 3549 3662 3682 3745 
3813 3437 3502 3669 3700 3830 3864 3911 
3959 3437 3503 
3958 3437 3506 3515 3558 3671 3680 3767 3826 3951 
3816 3437 3648 3694 
3817 3437 3484 3485 3496 3542 3556 3611 3684 3831 3842 3851 3971 
3814 3437 3446 3490 3549 3624 3662 3682 3949 
3815 3437 3455 3521 3590 3599 3615 3629 3636 3715 3728 3740 3835 3867 3907 3921 
3953 3437 3610 3775 3847 
3952 3437 3513 3638 3799 
3951 3437 3458 3463 3486 3493 3506 3509 3558 3569 3584 3591 3593 3643 3646 3680 3711 3714 3718 3719 3758 3792 3793 3794 3810 3822 3826 3833 3870 3896 3900 3903 3924 3947 3958 3969 
3950 3437 3522 3525 3547 3550 3610 3659 3750 3772 3796 3805 3841 3872 3888 3916 3979 
3957 3437 3465 3476 3519 3571 3579 3675 3701 3708 3757 3759 3774 3830 3836 3837 3899 3918 3975 
3956 3437 3443 3460 3464 3466 3468 3469 3474 3529 3532 3554 3555 3634 3668 3726 3738 3761 3771 3823 3829 3915 3945 3964 3972 
3955 3437 3680 3690 
3954 3437 3733 3742 3861 
857 698 862 3437 3456 3495 3586 3621 3626 3797 
3467 3437 3533 3830 
3466 3437 3443 3460 3464 3469 3510 3529 3554 3583 3602 3634 3652 3668 3680 3726 3738 3761 3784 3821 3829 3881 3915 3937 3945 3956 3972 
3465 3437 3476 3519 3571 3579 3675 3701 3708 3757 3759 3774 3836 3837 3918 3957 3975 
3464 3437 3443 3460 3466 3469 3474 3510 3529 3554 3583 3601 3602 3604 3612 3617 3630 3634 3668 3680 3724 3726 3738 3761 3764 3777 3823 3829 3895 3915 3945 3956 
3463 3437 3486 3506 3555 3558 3569 3591 3593 3680 3705 3706 3714 3793 3794 3822 3826 3861 3869 3906 3909 3924 3931 3947 3951 
3462 3437 3452 3488 3559 3576 3596 3604 3611 3672 3756 3762 3800 3824 3838 3877 3891 3926 3930 3934 3966 
3461 3437 3456 3495 3559 3831 3930 3934 3968 
3460 3437 3443 3464 3466 3469 3474 3515 3529 3568 3601 3602 3630 3634 3726 3752 3761 3768 3782 3786 3829 3881 3900 3915 3931 3937 3945 3956 3972 
3500 3437 3478 3508 3587 3615 3641 3655 3664 3696 3747 3766 3776 3783 3791 3809 3920 3933 3960 3964 3967 
3501 862 1085 3437 3438 3440 3448 3449 3456 3475 3484 3495 3517 3525 3533 3545 3577 3586 3596 3604 3609 3625 3633 3651 3674 3677 3684 3692 3721 3734 3741 3756 3760 3796 3797 3800 3824 3830 3841 3842 3851 3873 3877 3884 3889 3938 3943 3948 3962 3968 3971 
3502 3437 3669 3700 3813 3830 3864 3898 3911 
3503 3437 3576 3596 3640 3672 3731 3779 3785 3800 3804 3838 3930 3959 
3504 3437 3487 3530 3551 3626 3677 3723 3839 
3505 3437 3442 3455 3472 3482 3496 3508 3512 3521 3526 3553 3598 3607 3629 3644 3685 3698 3722 3747 3753 3773 3827 3840 3850 3936 
3506 3437 3458 3463 3486 3493 3507 3509 3511 3515 3534 3555 3558 3568 3569 3584 3591 3593 3620 3623 3631 3643 3646 3648 3680 3690 3706 3711 3714 3718 3754 3758 3784 3786 3794 3810 3822 3826 3829 3833 3855 3869 3895 3896 3903 3924 3951 3958 3969 
3468 3437 3458 3524 3529 3532 3534 3535 3568 3584 3601 3622 3623 3645 3680 3718 3758 3764 3777 3782 3810 3823 3826 3866 3878 3881 3900 3927 3945 3956 
3511 3437 3506 3507 3515 3530 3555 3566 3648 3671 3706 3719 3724 3738 3763 3770 3794 3821 3866 3896 3900 3904 3909 
3510 3437 3464 3466 3469 3529 3554 3602 3630 3634 3668 3738 3752 3761 3821 3829 3869 3881 3915 3931 3945 
3570 3437 
3603 3437 3452 3596 3640 3672 3756 3790 3828 3838 
3602 3437 3460 3464 3466 3474 3510 3524 3529 3630 3634 3738 3761 3770 3829 3869 3945 3972 
3601 3437 3460 3464 3468 3524 3529 3535 3568 3593 3604 3623 3645 3768 3782 3786 3818 3823 3825 3866 3881 3906 
3600 3437 3440 3555 3583 3612 3825 3861 
3607 3437 3478 3505 3508 3644 3698 3747 3933 
3606 3437 3536 3662 3727 3745 
3605 3437 3450 3454 3488 3514 3518 3528 3543 3545 3574 3576 3596 3604 3611 3635 3640 3670 3672 3687 3702 3707 3730 3731 3737 3756 3785 3790 3800 3804 3824 3828 3830 3838 3860 3877 3880 3926 3938 3948 
3604 3437 3448 3449 3450 3456 3462 3464 3469 3474 3480 3488 3497 3501 3512 3514 3518 3527 3528 3542 3545 3555 3557 3559 3561 3576 3577 3578 3586 3596 3601 3605 3611 3617 3627 3633 3635 3640 3645 3658 3672 3674 3677 3687 3721 3730 3731 3734 3737 3756 3770 3788 3790 3800 3804 3828 3830 3838 3841 3845 3851 3852 3858 3860 3861 3869 3889 3902 3913 3914 3915 3926 3938 3943 3948 3962 3966 
3609 862 1085 3437 3448 3449 3456 3495 3501 3577 3618 3633 3692 3721 3741 3750 3756 3779 3797 3830 3851 3877 3886 3938 3943 3948 3962 3968 
3608 3437 3442 3455 3521 3590 3599 3615 3694 3705 3710 3713 3722 3728 3735 3740 3862 3867 3907 3921 
3946 3437 3690 3781 3823 
567 3437 3454 3487 3723 3861 3961 
3739 3437 3473 3538 3567 3595 3628 3657 3725 3743 3819 3868 3871 3874 3892 3912 
3738 3437 3443 3464 3466 3469 3474 3510 3511 3529 3558 3561 3593 3602 3617 3630 3634 3668 3726 3752 3754 3761 3782 3821 3829 3859 3915 3937 3945 3956 3972 
3737 3437 3448 3449 3450 3488 3512 3514 3518 3525 3528 3545 3548 3557 3578 3596 3604 3605 3611 3640 3642 3661 3672 3687 3702 3707 3730 3734 3790 3800 3804 3824 3838 3858 3860 3873 3884 3930 3938 3966 
3736 3437 3667 3684 3731 3785 3830 3831 3842 3873 3938 3948 3968 
3735 3437 3442 3455 3521 3599 3608 3629 3636 3663 3710 3713 3728 3740 3753 3867 3921 
3734 3437 3438 3440 3448 3449 3456 3480 3495 3501 3525 3533 3540 3545 3577 3586 3596 3604 3611 3618 3625 3633 3640 3651 3656 3667 3674 3677 3684 3692 3693 3712 3737 3756 3760 3788 3800 3824 3830 3841 3851 3873 3877 3884 3929 3938 3948 3962 3968 3971 
3733 3437 3861 3954 
3732 3437 3610 
3731 3437 3450 3488 3503 3545 3557 3559 3574 3576 3578 3596 3604 3605 3611 3635 3640 3642 3658 3670 3687 3702 3707 3730 3736 3762 3785 3790 3800 3804 3824 3858 3860 3877 3884 3891 3902 3913 3926 3938 3966 
3730 3437 3450 3488 3514 3518 3528 3542 3545 3557 3578 3596 3604 3605 3627 3635 3640 3642 3687 3707 3731 3737 3790 3800 3804 3824 3832 3913 3926 
3782 3437 3459 3460 3468 3483 3524 3535 3558 3568 3584 3593 3601 3623 3645 3690 3738 3758 3763 3767 3768 3786 3793 3810 3818 3836 3866 3881 3906 3927 3931 3945 3947 
3783 3437 3478 3500 3587 3655 3696 3747 3776 3791 3809 3920 3933 3960 
3780 3437 3440 3525 3540 3566 3577 3596 3660 3684 3741 3842 3851 3877 3929 3966 3971 
3781 3437 3690 3823 3946 
3786 3437 3460 3506 3524 3558 3568 3593 3601 3623 3631 3645 3758 3768 3782 3793 3810 3822 3900 3906 3945 3947 
3787 3437 3632 3720 3751 3923 
3784 3437 3438 3466 3506 3584 3711 3793 3833 3896 3906 3947 3973 
3785 3437 3503 3527 3545 3576 3596 3605 3611 3640 3658 3672 3707 3731 3736 3756 3800 3858 3860 3966 
3788 3437 3449 3491 3545 3586 3596 3604 3633 3674 3677 3734 3841 
3789 3437 3653 3720 3749 3751 3807 3918 3923 
