2530 1465 1912 1913 1941 1985 2047 2057 2065 2081 2087 2117 2148 2199 2208 2215 2268 2302 2324 2333 2343 2347 2384 2385 2502 2521 2529 2560 2567 2592 
2385 1465 1577 1912 1920 1941 1959 1969 1987 2039 2042 2047 2053 2057 2065 2068 2081 2087 2102 2111 2117 2134 2137 2138 2149 2153 2169 2180 2183 2199 2208 2210 2215 2223 2239 2254 2264 2267 2268 2279 2283 2292 2302 2305 2332 2336 2348 2372 2384 2398 2420 2445 2530 2543 2572 2592 2608 2629 
2208 1912 1941 1985 2047 2057 2065 2087 2215 2292 2302 2324 2333 2347 2384 2385 2530 2560 2592 2608 
1941 1465 1577 1912 1920 1959 1985 2039 2042 2047 2053 2057 2065 2068 2081 2087 2102 2111 2117 2137 2138 2148 2153 2169 2180 2183 2199 2208 2215 2223 2239 2264 2279 2283 2292 2302 2324 2332 2333 2336 2347 2348 2384 2385 2398 2420 2521 2530 2543 2560 2567 2592 2608 2629 
2592 1465 1577 1912 1920 1941 1959 1985 2039 2042 2047 2053 2057 2065 2068 2081 2087 2111 2117 2137 2138 2148 2149 2153 2169 2180 2183 2199 2208 2215 2223 2264 2267 2268 2279 2283 2292 2302 2332 2333 2336 2347 2384 2385 2398 2420 2529 2530 2543 2567 2608 2629 
2149 1465 1577 1912 1920 1959 2039 2042 2047 2057 2068 2081 2087 2102 2111 2117 2134 2138 2153 2169 2183 2199 2215 2223 2254 2268 2279 2283 2292 2302 2332 2333 2336 2343 2347 2372 2384 2385 2398 2445 2529 2543 2572 2592 2608 2629 
2292 1465 1577 1912 1920 1941 1959 1985 2039 2042 2047 2053 2057 2065 2081 2087 2102 2111 2117 2134 2138 2148 2149 2153 2169 2180 2183 2199 2208 2215 2267 2268 2279 2283 2302 2332 2333 2343 2347 2372 2384 2385 2420 2543 2560 2567 2592 2629 
2223 1465 1577 1912 1920 1941 1959 1987 2039 2042 2047 2053 2057 2068 2081 2087 2102 2111 2134 2138 2149 2153 2183 2199 2215 2254 2268 2279 2283 2332 2333 2336 2347 2372 2384 2385 2398 2445 2502 2543 2567 2592 2608 
1920 1465 1577 1912 1941 1959 1987 2039 2042 2047 2053 2068 2081 2087 2102 2111 2117 2134 2137 2138 2148 2149 2153 2180 2183 2199 2215 2223 2267 2279 2283 2292 2302 2332 2333 2336 2343 2347 2372 2384 2385 2398 2420 2502 2543 2567 2592 2608 2629 
2138 1465 1577 1912 1920 1941 1959 1987 2039 2042 2047 2053 2057 2068 2081 2087 2102 2111 2117 2134 2148 2149 2153 2169 2180 2183 2199 2215 2223 2239 2254 2267 2279 2283 2292 2302 2305 2332 2333 2336 2347 2372 2384 2385 2398 2420 2445 2543 2567 2592 2608 2629 
2199 1465 1577 1912 1920 1941 1959 1987 2039 2042 2047 2053 2057 2068 2081 2087 2102 2111 2117 2134 2138 2148 2149 2153 2169 2180 2183 2215 2223 2254 2279 2283 2292 2302 2332 2333 2336 2343 2347 2372 2384 2385 2398 2420 2530 2543 2567 2572 2592 2608 2629 
2543 1465 1577 1912 1920 1941 1959 1985 2039 2042 2047 2053 2068 2081 2087 2102 2111 2117 2134 2137 2138 2148 2149 2153 2180 2183 2199 2210 2215 2223 2239 2268 2279 2283 2292 2302 2324 2332 2333 2336 2347 2348 2372 2384 2385 2398 2420 2502 2521 2560 2567 2572 2592 2608 2629 
1987 1912 1920 1959 2039 2042 2047 2057 2087 2111 2134 2138 2169 2199 2215 2223 2254 2268 2305 2332 2372 2385 2445 
2347 1465 1577 1912 1920 1941 1959 1985 2039 2042 2047 2053 2068 2081 2087 2102 2111 2117 2134 2137 2138 2148 2149 2153 2169 2180 2183 2199 2208 2210 2223 2239 2264 2279 2283 2292 2302 2324 2332 2333 2336 2348 2372 2384 2398 2420 2521 2530 2543 2560 2567 2592 2629 
1985 1912 1941 1959 2047 2053 2065 2081 2087 2137 2208 2210 2215 2279 2292 2324 2333 2336 2347 2348 2384 2420 2521 2530 2543 2560 2592 
2521 1912 1941 1985 2324 2347 2348 2530 2543 2560 
1969 1912 2087 2302 2385 
2343 1577 1912 1920 2068 2081 2087 2102 2111 2117 2149 2153 2169 2199 2254 2283 2292 2333 2336 2384 2530 2629 
2324 1912 1941 1985 2065 2081 2208 2210 2302 2347 2348 2521 2530 2543 2560 
2560 1912 1941 1985 2065 2208 2210 2292 2324 2347 2348 2521 2530 2543 2567 
2302 1465 1577 1912 1920 1941 1959 1969 2039 2042 2047 2053 2057 2065 2068 2081 2087 2102 2111 2117 2134 2138 2148 2149 2153 2169 2180 2183 2199 2208 2215 2264 2267 2268 2279 2283 2292 2324 2332 2333 2336 2347 2372 2384 2385 2420 2502 2530 2543 2567 2592 2629 
2529 1577 1912 1913 2102 2149 2183 2267 2283 2333 2384 2502 2530 2592 
2348 1912 1941 1985 2210 2324 2347 2385 2521 2543 2560 
2567 1465 1577 1912 1920 1941 1959 2039 2042 2047 2053 2065 2068 2081 2087 2102 2111 2117 2134 2138 2148 2153 2180 2183 2199 2210 2215 2223 2267 2268 2279 2283 2292 2302 2332 2333 2336 2347 2372 2384 2398 2420 2445 2530 2543 2560 2592 2629 
2268 1465 1577 1912 1959 1987 2039 2042 2047 2057 2068 2087 2102 2111 2117 2134 2149 2153 2180 2215 2223 2254 2267 2279 2283 2292 2302 2336 2372 2384 2385 2398 2445 2502 2530 2543 2567 2592 2608 2629 
2283 1465 1577 1912 1920 1941 1959 2039 2042 2047 2053 2068 2081 2087 2102 2111 2117 2134 2137 2138 2148 2149 2153 2169 2180 2183 2199 2215 2223 2267 2268 2279 2292 2302 2332 2333 2336 2343 2347 2372 2384 2385 2398 2420 2445 2502 2529 2543 2567 2592 2608 2629 
2384 1465 1577 1912 1913 1920 1941 1959 1985 2039 2042 2047 2053 2057 2065 2068 2081 2087 2102 2111 2117 2134 2137 2138 2148 2149 2153 2169 2180 2183 2199 2208 2215 2223 2267 2268 2279 2283 2292 2302 2332 2333 2336 2343 2347 2372 2385 2398 2420 2445 2502 2529 2530 2543 2567 2592 2608 2629 
2153 1465 1577 1912 1920 1941 1959 2039 2042 2047 2053 2068 2081 2087 2102 2111 2117 2134 2137 2138 2148 2149 2169 2180 2183 2199 2215 2223 2254 2264 2267 2268 2279 2283 2292 2302 2332 2333 2336 2343 2347 2372 2384 2385 2398 2420 2543 2567 2592 2608 2629 
1465 1577 1912 1920 1941 1959 2042 2047 2053 2065 2068 2081 2087 2102 2111 2117 2134 2138 2148 2149 2153 2169 2180 2183 2199 2223 2239 2264 2267 2268 2279 2283 2292 2302 2332 2333 2336 2347 2372 2384 2385 2398 2420 2530 2543 2567 2592 2608 2629 
2111 1465 1577 1912 1920 1941 1959 1987 2039 2042 2047 2053 2057 2068 2081 2087 2102 2117 2134 2138 2148 2149 2153 2169 2180 2183 2199 2215 2223 2254 2264 2267 2268 2279 2283 2292 2302 2305 2332 2333 2336 2343 2347 2372 2384 2385 2398 2420 2445 2502 2543 2567 2572 2592 2608 2629 
2336 1465 1577 1912 1920 1941 1959 1985 2039 2042 2047 2053 2057 2081 2087 2102 2111 2117 2134 2138 2148 2149 2153 2169 2180 2183 2199 2215 2223 2239 2254 2267 2268 2279 2283 2302 2305 2332 2333 2343 2347 2372 2384 2385 2398 2420 2445 2502 2543 2567 2572 2592 2629 
2502 1577 1912 1913 1920 2042 2111 2137 2169 2223 2267 2268 2283 2302 2336 2384 2529 2530 2543 2629 
2039 1577 1912 1920 1941 1959 1987 2047 2053 2057 2068 2081 2087 2102 2111 2117 2134 2138 2148 2149 2153 2169 2180 2183 2199 2215 2223 2254 2264 2267 2268 2279 2283 2292 2302 2332 2333 2336 2347 2372 2384 2385 2420 2445 2543 2567 2592 2629 
2117 1465 1577 1912 1920 1941 1959 2039 2042 2053 2068 2081 2087 2102 2111 2134 2137 2138 2148 2149 2153 2169 2183 2199 2215 2254 2264 2268 2279 2283 2292 2302 2305 2336 2343 2347 2372 2384 2385 2420 2530 2543 2567 2592 2629 
2305 1912 1987 2047 2057 2068 2087 2102 2111 2117 2138 2336 2372 2385 2572 
2279 1465 1577 1912 1920 1941 1959 1985 2039 2042 2047 2053 2068 2081 2087 2102 2111 2117 2134 2137 2138 2148 2149 2153 2169 2180 2183 2199 2215 2223 2254 2268 2283 2292 2302 2332 2333 2336 2347 2372 2384 2385 2398 2420 2445 2543 2567 2592 2608 2629 
2137 1577 1912 1920 1941 1985 2042 2047 2081 2117 2148 2153 2183 2267 2279 2283 2333 2347 2384 2385 2398 2420 2502 2543 2592 2608 2629 
2420 1465 1577 1912 1920 1941 1959 1985 2039 2042 2047 2053 2081 2087 2111 2117 2137 2138 2153 2180 2183 2199 2279 2283 2292 2302 2333 2336 2347 2384 2385 2398 2543 2567 2592 2629 
2629 1465 1577 1912 1920 1941 2039 2042 2047 2053 2068 2081 2087 2102 2111 2117 2134 2137 2138 2148 2149 2153 2169 2180 2183 2199 2215 2268 2279 2283 2292 2302 2332 2333 2336 2343 2347 2372 2384 2385 2398 2420 2502 2543 2567 2592 2608 
2608 1465 1577 1912 1920 1941 2047 2053 2057 2065 2081 2087 2111 2137 2138 2149 2153 2169 2183 2199 2208 2223 2254 2268 2279 2283 2332 2333 2372 2384 2385 2398 2543 2592 2629 
2053 1465 1577 1912 1920 1941 1985 2039 2047 2057 2068 2081 2087 2111 2117 2134 2138 2153 2180 2183 2199 2215 2223 2239 2254 2264 2279 2283 2292 2302 2332 2333 2336 2347 2372 2384 2385 2398 2420 2543 2567 2592 2608 2629 
2264 1465 1577 1912 1941 1959 2039 2053 2087 2102 2111 2117 2134 2148 2153 2180 2183 2215 2254 2267 2302 2333 2347 2372 2385 2592 
2183 1465 1577 1912 1920 1941 1959 2039 2042 2047 2053 2065 2068 2081 2087 2102 2111 2117 2137 2138 2148 2149 2153 2169 2180 2199 2215 2223 2264 2267 2279 2283 2292 2302 2332 2333 2336 2347 2372 2384 2385 2398 2420 2529 2543 2567 2592 2608 2629 
2210 1912 1985 2057 2215 2324 2333 2347 2348 2385 2543 2560 2567 
2180 1465 1577 1912 1920 1941 2039 2042 2047 2053 2068 2081 2087 2102 2111 2134 2138 2148 2153 2169 2183 2199 2215 2254 2264 2267 2268 2279 2283 2292 2302 2332 2336 2347 2372 2384 2385 2398 2420 2543 2567 2592 2629 
2134 1465 1577 1912 1920 1959 1987 2039 2047 2053 2057 2068 2081 2087 2102 2111 2117 2138 2148 2149 2153 2169 2180 2199 2215 2223 2254 2264 2268 2279 2283 2292 2302 2332 2333 2336 2347 2372 2384 2385 2398 2543 2567 2629 
1913 1577 1912 2384 2502 2529 2530 
1912 1465 1577 1913 1920 1941 1959 1969 1985 1987 2039 2042 2047 2053 2057 2065 2068 2081 2087 2102 2111 2117 2134 2137 2138 2148 2149 2153 2169 2180 2183 2199 2208 2210 2215 2223 2239 2254 2264 2267 2268 2279 2283 2292 2302 2305 2324 2332 2333 2336 2343 2347 2348 2372 2384 2385 2398 2420 2445 2502 2521 2529 2530 2543 2560 2567 2572 2592 2608 2629 
1959 1465 1577 1912 1920 1941 1985 1987 2039 2042 2047 2057 2068 2081 2087 2102 2111 2117 2134 2138 2149 2153 2169 2183 2199 2215 2223 2254 2264 2268 2279 2283 2292 2302 2333 2336 2347 2372 2384 2385 2420 2445 2543 2567 2572 2592 
2445 1577 1912 1959 1987 2039 2042 2047 2057 2068 2081 2087 2111 2138 2149 2215 2223 2254 2268 2279 2283 2336 2372 2384 2385 2398 2567 
2239 1465 1577 1912 1941 2047 2053 2102 2138 2215 2267 2332 2336 2347 2372 2385 2543 
2047 1465 1577 1912 1920 1941 1959 1985 1987 2039 2042 2053 2057 2065 2068 2081 2087 2102 2111 2134 2137 2138 2148 2149 2153 2169 2180 2183 2199 2208 2215 2223 2239 2254 2267 2268 2279 2283 2292 2302 2305 2332 2333 2336 2347 2372 2384 2385 2398 2420 2445 2530 2543 2567 2572 2592 2608 2629 
2332 1465 1577 1912 1920 1941 1987 2039 2042 2047 2053 2057 2068 2081 2087 2102 2111 2134 2138 2148 2149 2153 2169 2180 2183 2199 2223 2239 2279 2283 2292 2302 2333 2336 2347 2372 2384 2385 2543 2567 2572 2592 2608 2629 
2333 1465 1577 1912 1920 1941 1959 1985 2039 2042 2047 2053 2057 2065 2068 2081 2087 2111 2134 2137 2138 2148 2149 2153 2183 2199 2208 2210 2215 2223 2264 2279 2283 2292 2302 2332 2336 2343 2347 2372 2384 2420 2529 2530 2543 2567 2592 2608 2629 
2042 1465 1577 1912 1920 1941 1959 1987 2047 2057 2068 2081 2087 2102 2111 2117 2137 2138 2148 2149 2153 2169 2180 2183 2199 2215 2223 2254 2268 2279 2283 2292 2302 2332 2333 2336 2347 2372 2384 2385 2420 2445 2502 2543 2567 2592 2629 
2057 1912 1941 1959 1987 2039 2042 2047 2053 2065 2068 2081 2087 2102 2111 2134 2138 2149 2199 2208 2210 2215 2223 2254 2268 2292 2302 2305 2332 2333 2336 2372 2384 2385 2445 2530 2572 2592 2608 
2215 1577 1912 1920 1941 1959 1985 1987 2039 2042 2047 2053 2057 2065 2068 2081 2087 2102 2111 2117 2134 2138 2149 2153 2180 2183 2199 2208 2210 2223 2239 2254 2264 2267 2268 2279 2283 2292 2302 2333 2336 2372 2384 2385 2445 2530 2543 2567 2572 2592 2629 
2081 1465 1577 1912 1920 1941 1959 1985 2039 2042 2047 2053 2057 2065 2068 2087 2102 2111 2117 2134 2137 2138 2148 2149 2153 2180 2183 2199 2215 2223 2254 2267 2279 2283 2292 2302 2324 2332 2333 2336 2343 2347 2372 2384 2385 2398 2420 2445 2530 2543 2567 2592 2608 2629 
2572 1912 1959 2047 2057 2068 2087 2111 2149 2199 2215 2305 2332 2336 2372 2385 2543 
2087 1465 1577 1912 1920 1941 1959 1969 1985 1987 2039 2042 2047 2053 2057 2065 2068 2081 2102 2111 2117 2134 2138 2148 2149 2153 2169 2180 2183 2199 2208 2215 2223 2254 2264 2267 2268 2279 2283 2292 2302 2305 2332 2333 2336 2343 2347 2372 2384 2385 2398 2420 2445 2530 2543 2567 2572 2592 2608 2629 
2267 1465 1577 1912 1920 2039 2047 2081 2087 2102 2111 2137 2138 2153 2180 2183 2215 2239 2254 2264 2268 2283 2292 2302 2336 2384 2385 2502 2529 2567 2592 
2068 1465 1577 1912 1920 1941 1959 2039 2042 2047 2053 2057 2081 2087 2102 2111 2117 2134 2138 2149 2153 2169 2180 2183 2199 2215 2223 2254 2268 2279 2283 2302 2305 2332 2333 2343 2347 2372 2384 2385 2398 2445 2543 2567 2572 2592 2629 
2169 1465 1577 1912 1941 1959 1987 2039 2042 2047 2068 2087 2102 2111 2117 2134 2138 2149 2153 2180 2183 2199 2279 2283 2292 2302 2332 2336 2343 2347 2372 2384 2385 2398 2502 2592 2608 2629 
2398 1465 1577 1912 1920 1941 2047 2053 2068 2081 2087 2111 2134 2137 2138 2148 2149 2153 2169 2180 2183 2199 2223 2254 2268 2279 2283 2336 2347 2372 2384 2385 2420 2445 2543 2567 2592 2608 2629 
2102 1465 1577 1912 1920 1941 1959 2039 2042 2047 2057 2068 2081 2087 2111 2117 2134 2138 2148 2149 2153 2169 2180 2183 2199 2215 2223 2239 2254 2264 2267 2268 2279 2283 2292 2302 2305 2332 2336 2343 2347 2372 2384 2385 2529 2543 2567 2629 
2254 1912 1959 1987 2039 2042 2047 2053 2057 2068 2081 2087 2102 2111 2117 2134 2138 2149 2153 2180 2199 2215 2223 2264 2267 2268 2279 2336 2343 2372 2385 2398 2445 2608 
1577 1465 1912 1913 1920 1941 1959 2039 2042 2047 2053 2068 2081 2087 2102 2111 2117 2134 2137 2138 2148 2149 2153 2169 2180 2183 2199 2215 2223 2239 2264 2267 2268 2279 2283 2292 2302 2332 2333 2336 2343 2347 2372 2384 2385 2398 2420 2445 2502 2529 2543 2567 2592 2608 2629 
2065 1465 1912 1941 1985 2047 2057 2081 2087 2183 2208 2215 2292 2302 2324 2333 2384 2385 2530 2560 2567 2592 2608 
2372 1465 1577 1912 1920 1959 1987 2039 2042 2047 2053 2057 2068 2081 2087 2102 2111 2117 2134 2138 2148 2149 2153 2169 2180 2183 2199 2215 2223 2239 2254 2264 2268 2279 2283 2292 2302 2305 2332 2333 2336 2347 2384 2385 2398 2445 2543 2567 2572 2608 2629 
2148 1465 1577 1912 1920 1941 2039 2042 2047 2081 2087 2102 2111 2117 2134 2137 2138 2153 2180 2183 2199 2264 2279 2283 2292 2302 2332 2333 2336 2347 2372 2384 2398 2530 2543 2567 2592 2629 
