1754 107 526 916 932 947 982 1048 1049 1056 1059 1074 1075 1086 1092 1110 1116 1124 1126 1184 1199 1209 1230 1243 1250 1269 1290 1291 1329 1331 1335 1359 1388 1391 1393 1407 1484 1528 1530 1551 1554 1557 1571 1589 1610 1617 1620 1688 1707 1722 1723 1730 1736 1800 1819 1845 1864 1879 
1290 107 526 916 921 925 927 952 967 980 993 1004 1026 1047 1048 1049 1056 1059 1075 1076 1079 1110 1146 1191 1209 1230 1243 1312 1329 1335 1339 1352 1365 1377 1390 1393 1407 1416 1420 1460 1520 1522 1523 1524 1528 1554 1557 1559 1563 1570 1589 1590 1597 1600 1609 1612 1613 1614 1619 1620 1622 1632 1659 1663 1669 1683 1688 1689 1700 1721 1730 1746 1750 1752 1753 1754 1768 1791 1793 1796 1800 1827 1833 1835 1845 1864 1867 1891 
1110 107 526 925 967 993 1047 1048 1049 1056 1059 1075 1191 1209 1243 1250 1290 1312 1339 1352 1377 1390 1393 1407 1522 1523 1528 1557 1600 1609 1620 1622 1659 1663 1688 1721 1730 1750 1753 1754 1791 1800 1819 1827 1835 1845 1864 
1269 107 916 921 925 927 932 947 952 980 982 993 1048 1049 1059 1074 1116 1126 1146 1184 1199 1230 1243 1291 1312 1329 1331 1352 1377 1388 1391 1420 1460 1484 1522 1528 1554 1557 1559 1570 1589 1600 1609 1610 1612 1613 1617 1622 1663 1669 1688 1721 1730 1736 1746 1750 1753 1754 1768 1800 1819 1827 1833 1835 1845 1864 1879 1891 
1146 107 921 925 927 967 980 993 1004 1026 1047 1048 1049 1059 1075 1076 1079 1086 1124 1126 1184 1199 1209 1230 1243 1250 1269 1290 1291 1329 1352 1365 1377 1390 1391 1420 1520 1522 1523 1528 1551 1554 1557 1559 1563 1570 1589 1600 1610 1612 1613 1614 1619 1620 1622 1659 1663 1669 1683 1689 1721 1723 1730 1746 1753 1768 1791 1793 1796 1800 1827 1833 1835 1867 1879 1891 
1819 107 925 927 1004 1049 1059 1075 1076 1079 1110 1126 1184 1209 1250 1269 1312 1329 1339 1352 1390 1420 1520 1523 1551 1554 1557 1589 1590 1597 1600 1612 1614 1622 1659 1663 1683 1689 1721 1730 1736 1746 1750 1752 1754 1800 1827 1833 1835 1867 
1833 107 921 925 947 952 967 980 982 993 1004 1059 1076 1079 1086 1126 1146 1184 1191 1199 1230 1243 1250 1269 1290 1291 1312 1329 1335 1339 1352 1377 1390 1391 1416 1420 1520 1522 1530 1551 1554 1557 1559 1563 1570 1571 1589 1597 1610 1612 1613 1614 1617 1619 1620 1622 1632 1663 1669 1683 1689 1707 1721 1730 1736 1746 1750 1752 1753 1768 1791 1793 1796 1800 1819 1827 1835 1867 1879 
1079 107 916 925 947 980 993 1004 1059 1076 1086 1126 1146 1184 1199 1209 1243 1250 1290 1329 1331 1335 1339 1352 1365 1377 1390 1391 1416 1522 1523 1524 1530 1551 1557 1589 1597 1600 1610 1612 1613 1622 1659 1663 1683 1688 1689 1707 1721 1730 1736 1746 1750 1752 1768 1791 1793 1796 1800 1819 1827 1833 1835 1867 1879 
1076 107 916 925 952 967 993 1004 1047 1059 1075 1079 1086 1092 1124 1126 1146 1184 1199 1243 1250 1290 1329 1331 1335 1339 1352 1377 1390 1391 1416 1420 1520 1522 1523 1530 1551 1554 1557 1559 1563 1589 1597 1600 1610 1612 1613 1617 1622 1632 1659 1663 1669 1683 1689 1700 1721 1736 1746 1750 1752 1753 1768 1796 1800 1819 1827 1833 1835 1867 1879 
1074 107 526 932 980 1048 1116 1191 1199 1230 1269 1329 1331 1393 1407 1460 1522 1551 1554 1570 1617 1620 1707 1730 1736 1754 1768 1793 1845 1864 
1075 107 526 925 1026 1048 1049 1059 1076 1086 1110 1146 1184 1209 1243 1250 1290 1352 1377 1390 1407 1416 1460 1520 1522 1523 1528 1554 1557 1597 1600 1609 1614 1620 1659 1688 1730 1746 1752 1754 1768 1791 1800 1819 1827 1845 1864 1867 
1377 107 526 921 925 927 947 952 967 980 993 1026 1047 1048 1049 1056 1059 1075 1076 1079 1086 1110 1124 1126 1146 1191 1199 1230 1243 1269 1290 1291 1329 1331 1335 1352 1359 1388 1391 1416 1420 1520 1522 1528 1551 1554 1557 1559 1563 1570 1589 1590 1597 1600 1609 1610 1612 1613 1614 1617 1620 1622 1659 1663 1669 1683 1688 1689 1707 1721 1723 1730 1746 1750 1753 1768 1791 1793 1800 1827 1833 1835 1864 1867 1879 1891 
932 107 980 982 1026 1056 1074 1191 1269 1329 1331 1388 1420 1571 1589 1620 1622 1659 1663 1669 1722 1730 1754 1827 1845 1864 
1460 107 925 927 980 993 1026 1074 1075 1269 1290 1329 1522 1570 1590 1622 1730 1768 1835 
1551 107 916 921 925 927 947 980 993 1047 1048 1056 1059 1074 1076 1079 1092 1124 1126 1146 1184 1191 1199 1230 1291 1329 1331 1335 1352 1359 1377 1388 1390 1391 1393 1407 1420 1520 1522 1554 1559 1563 1570 1589 1597 1609 1610 1612 1617 1663 1669 1683 1689 1700 1707 1721 1723 1730 1736 1746 1750 1753 1754 1768 1791 1793 1800 1819 1827 1833 1835 1845 1864 1867 1879 1891 
1312 107 916 921 925 927 967 980 993 1026 1059 1086 1110 1269 1290 1329 1352 1391 1420 1520 1522 1557 1563 1570 1589 1590 1612 1613 1614 1617 1622 1663 1730 1736 1750 1768 1793 1819 1827 1833 1835 1864 1879 
993 107 526 916 921 925 927 947 952 967 980 1026 1048 1059 1076 1079 1086 1110 1126 1146 1184 1191 1199 1209 1243 1269 1290 1291 1312 1329 1335 1352 1359 1377 1390 1391 1407 1420 1460 1484 1522 1530 1551 1554 1557 1559 1589 1590 1597 1600 1609 1612 1613 1617 1620 1622 1632 1659 1663 1669 1683 1688 1689 1721 1730 1746 1750 1753 1768 1791 1793 1796 1800 1827 1833 1835 1864 1867 1891 
1793 107 916 921 925 952 980 993 1026 1056 1059 1074 1079 1124 1126 1146 1184 1199 1230 1250 1290 1291 1312 1331 1335 1352 1359 1377 1388 1390 1391 1393 1520 1530 1551 1554 1557 1559 1563 1571 1589 1590 1609 1610 1613 1617 1619 1622 1663 1669 1689 1707 1723 1730 1736 1746 1750 1768 1791 1796 1800 1827 1833 1835 1845 1864 1867 1879 
1791 107 526 916 927 952 967 993 1048 1056 1075 1079 1110 1146 1191 1199 1209 1243 1290 1291 1329 1352 1359 1377 1390 1391 1416 1520 1522 1528 1551 1554 1557 1559 1597 1600 1609 1612 1613 1617 1620 1622 1663 1669 1683 1688 1707 1721 1723 1730 1736 1750 1768 1793 1800 1827 1833 1835 1864 
1796 107 916 925 967 993 1004 1059 1076 1079 1146 1199 1209 1250 1290 1335 1339 1359 1390 1416 1420 1524 1557 1571 1589 1610 1612 1613 1614 1619 1622 1632 1663 1689 1707 1721 1746 1752 1793 1800 1827 1833 1867 
967 107 916 921 925 927 952 980 993 1026 1047 1048 1049 1076 1092 1110 1124 1126 1146 1230 1243 1250 1290 1312 1329 1352 1365 1377 1390 1420 1484 1520 1522 1523 1524 1528 1554 1557 1559 1563 1570 1589 1590 1614 1622 1659 1663 1688 1689 1721 1730 1752 1753 1768 1791 1796 1800 1827 1833 1835 1845 1867 1891 
1700 107 1076 1184 1290 1520 1551 1617 1632 1683 1707 1827 
1291 107 921 925 947 952 982 993 1004 1059 1086 1092 1126 1146 1191 1199 1209 1230 1269 1329 1335 1352 1377 1390 1391 1416 1420 1530 1551 1559 1570 1589 1590 1597 1613 1619 1622 1663 1707 1730 1736 1746 1750 1752 1754 1768 1791 1793 1800 1827 1833 1835 1864 1879 
1554 107 916 921 925 927 952 967 980 993 1004 1026 1047 1048 1049 1059 1074 1075 1076 1124 1126 1146 1191 1199 1209 1230 1243 1250 1269 1290 1329 1335 1352 1377 1390 1391 1416 1420 1520 1522 1523 1530 1551 1557 1559 1563 1570 1589 1597 1600 1609 1610 1612 1613 1617 1622 1663 1669 1683 1689 1707 1721 1723 1730 1736 1746 1750 1752 1753 1754 1768 1791 1793 1800 1819 1827 1833 1835 1845 1864 1867 1879 1891 
1557 107 526 916 921 925 952 967 980 993 1004 1026 1047 1048 1049 1059 1075 1076 1079 1086 1110 1126 1146 1184 1199 1209 1230 1250 1269 1290 1312 1329 1335 1339 1352 1359 1365 1377 1390 1391 1393 1407 1416 1420 1520 1522 1523 1524 1528 1554 1559 1589 1597 1600 1609 1612 1613 1614 1617 1620 1622 1632 1659 1663 1669 1683 1688 1689 1707 1721 1730 1736 1746 1750 1752 1754 1768 1791 1793 1796 1800 1819 1827 1833 1835 1845 1864 1867 1879 
1707 107 916 952 980 1004 1059 1074 1079 1086 1124 1126 1184 1191 1199 1230 1250 1291 1331 1335 1339 1352 1377 1388 1390 1391 1393 1416 1420 1520 1522 1530 1551 1554 1557 1563 1571 1589 1597 1610 1612 1613 1617 1619 1620 1622 1632 1663 1669 1683 1689 1700 1721 1722 1730 1736 1746 1750 1752 1754 1768 1791 1793 1796 1800 1827 1833 1845 1864 1879 
1559 107 916 925 947 967 980 993 1004 1026 1047 1048 1056 1059 1076 1092 1124 1126 1146 1184 1191 1199 1230 1243 1250 1269 1290 1291 1329 1331 1335 1352 1359 1365 1377 1391 1420 1520 1522 1528 1530 1551 1554 1557 1563 1570 1589 1597 1609 1610 1612 1613 1622 1663 1669 1683 1689 1723 1730 1736 1746 1750 1752 1753 1768 1791 1793 1800 1827 1833 1835 1864 1879 1891 
1407 107 526 921 993 1047 1048 1049 1074 1075 1110 1191 1199 1209 1230 1290 1329 1393 1528 1551 1557 1614 1620 1663 1688 1730 1753 1754 1768 1864 
1827 107 916 921 925 927 932 947 952 967 980 993 1004 1026 1047 1048 1049 1059 1075 1076 1079 1086 1092 1110 1116 1124 1126 1146 1184 1191 1199 1209 1230 1243 1250 1269 1290 1291 1312 1329 1331 1335 1339 1352 1377 1390 1391 1416 1420 1520 1522 1523 1524 1528 1530 1551 1554 1557 1559 1563 1589 1597 1600 1610 1612 1613 1617 1620 1622 1632 1659 1663 1669 1683 1688 1689 1700 1707 1721 1723 1730 1736 1746 1750 1752 1753 1768 1791 1793 1796 1800 1819 1833 1835 1845 1864 1867 1879 1891 
1388 107 932 1124 1191 1230 1269 1329 1331 1359 1377 1391 1393 1520 1522 1551 1571 1589 1609 1612 1613 1620 1622 1663 1707 1722 1730 1736 1754 1768 1793 1835 1845 1864 
1669 107 921 925 927 932 947 980 993 1026 1047 1048 1056 1059 1076 1092 1124 1126 1146 1184 1191 1199 1230 1243 1269 1290 1329 1352 1359 1365 1377 1391 1420 1520 1522 1528 1530 1551 1554 1557 1559 1563 1570 1571 1589 1600 1609 1610 1612 1613 1614 1617 1622 1663 1707 1730 1746 1752 1753 1768 1791 1793 1800 1827 1833 1835 1845 1891 
921 107 925 927 952 967 980 993 1026 1048 1049 1059 1124 1126 1146 1199 1230 1243 1269 1290 1291 1312 1329 1352 1377 1390 1391 1393 1407 1420 1520 1522 1551 1554 1557 1563 1570 1589 1612 1613 1622 1663 1669 1683 1689 1730 1750 1753 1768 1793 1827 1833 1835 1845 1864 1891 
1663 107 916 921 925 927 932 947 952 967 980 982 993 1004 1026 1047 1048 1056 1059 1076 1079 1086 1110 1124 1126 1146 1184 1191 1199 1209 1243 1250 1269 1290 1291 1312 1329 1331 1335 1339 1352 1359 1365 1377 1388 1390 1391 1407 1416 1420 1520 1522 1523 1528 1530 1551 1554 1557 1559 1563 1570 1571 1589 1590 1597 1600 1609 1610 1612 1613 1617 1619 1620 1622 1632 1669 1683 1688 1689 1707 1721 1723 1730 1736 1746 1750 1752 1753 1768 1791 1793 1796 1800 1819 1827 1833 1835 1867 1879 1891 
925 107 916 921 927 967 980 993 1004 1047 1048 1049 1059 1075 1076 1079 1086 1092 1110 1124 1126 1146 1184 1199 1209 1243 1250 1269 1290 1291 1312 1335 1339 1352 1365 1377 1390 1416 1420 1460 1520 1523 1524 1530 1551 1554 1557 1559 1563 1570 1589 1590 1597 1600 1610 1612 1613 1614 1617 1620 1622 1632 1659 1663 1669 1683 1688 1689 1721 1730 1736 1746 1750 1752 1753 1768 1793 1796 1800 1819 1827 1833 1835 1867 1879 1891 
1416 107 526 925 947 1004 1048 1049 1059 1075 1076 1079 1086 1184 1199 1209 1250 1290 1291 1339 1352 1377 1390 1524 1528 1530 1554 1557 1589 1597 1600 1610 1612 1613 1620 1622 1659 1663 1683 1688 1707 1721 1730 1736 1746 1750 1752 1768 1791 1796 1800 1827 1833 1835 1879 
927 107 921 925 947 967 980 993 1026 1048 1124 1146 1243 1269 1290 1312 1329 1352 1377 1420 1460 1520 1528 1530 1551 1554 1563 1570 1589 1590 1609 1612 1613 1663 1669 1730 1736 1750 1768 1791 1819 1827 1835 
1086 107 916 925 947 952 980 993 1049 1059 1075 1076 1079 1126 1146 1184 1199 1243 1250 1291 1312 1329 1335 1339 1352 1377 1390 1391 1416 1522 1557 1563 1570 1571 1589 1600 1610 1613 1617 1619 1620 1622 1632 1659 1663 1688 1689 1707 1721 1722 1730 1736 1746 1750 1753 1754 1768 1800 1827 1833 1835 1867 1879 
982 107 916 932 1056 1126 1199 1269 1291 1331 1390 1391 1522 1589 1610 1619 1663 1730 1736 1754 1800 1833 1845 1864 
980 107 921 925 927 932 967 993 1026 1047 1048 1049 1074 1079 1086 1116 1124 1126 1146 1191 1199 1209 1230 1243 1269 1290 1312 1329 1331 1352 1377 1393 1460 1484 1520 1551 1554 1557 1559 1563 1570 1589 1610 1612 1613 1622 1632 1659 1663 1669 1683 1689 1707 1721 1730 1746 1750 1753 1768 1793 1800 1827 1833 1835 1845 1879 1891 
1329 107 526 916 921 927 932 947 967 980 993 1048 1049 1056 1059 1074 1076 1079 1086 1116 1126 1146 1191 1199 1230 1243 1269 1290 1291 1312 1331 1352 1377 1388 1391 1393 1407 1420 1460 1522 1528 1551 1554 1557 1559 1563 1570 1589 1590 1600 1609 1612 1613 1617 1620 1663 1669 1683 1688 1723 1730 1746 1750 1753 1754 1768 1791 1800 1819 1827 1833 1835 1845 1864 
1124 107 921 925 927 967 980 1047 1048 1056 1076 1092 1126 1146 1184 1191 1199 1230 1243 1335 1352 1359 1377 1388 1420 1520 1522 1551 1554 1559 1563 1570 1589 1609 1610 1622 1659 1663 1669 1683 1689 1707 1736 1753 1754 1768 1793 1800 1827 1835 1845 1879 1891 
1126 107 921 925 947 952 967 980 982 993 1047 1048 1059 1076 1079 1086 1092 1124 1146 1184 1191 1199 1243 1250 1269 1291 1329 1331 1335 1339 1352 1377 1390 1391 1420 1520 1522 1523 1551 1554 1557 1559 1563 1589 1590 1610 1612 1613 1614 1617 1619 1622 1659 1663 1669 1683 1689 1707 1721 1730 1736 1746 1752 1753 1754 1768 1793 1800 1819 1827 1833 1835 1867 1879 
1484 107 967 980 993 1048 1116 1230 1269 1331 1352 1610 1754 1800 1845 
1339 107 925 1004 1059 1076 1079 1086 1110 1126 1184 1199 1209 1250 1290 1331 1335 1352 1390 1391 1416 1530 1557 1563 1589 1600 1610 1612 1613 1622 1632 1659 1663 1683 1688 1689 1707 1736 1746 1750 1752 1768 1796 1800 1819 1827 1833 1867 1879 
1620 107 526 925 932 993 1004 1049 1056 1059 1074 1075 1086 1110 1146 1184 1191 1199 1209 1230 1243 1250 1290 1329 1331 1352 1359 1377 1388 1390 1393 1407 1416 1522 1528 1557 1570 1571 1600 1609 1613 1622 1632 1659 1663 1683 1688 1689 1707 1730 1746 1754 1768 1791 1800 1827 1833 1835 1845 1864 1867 
1524 107 916 925 967 1004 1059 1079 1184 1250 1290 1390 1416 1557 1589 1613 1688 1689 1730 1746 1752 1796 1800 1827 1867 
526 107 993 1049 1074 1075 1110 1191 1209 1250 1290 1329 1377 1393 1407 1416 1528 1557 1600 1609 1620 1688 1730 1754 1768 1791 1800 1864 
1659 107 925 932 967 980 993 1004 1048 1049 1059 1075 1076 1079 1086 1110 1124 1126 1146 1184 1199 1209 1243 1250 1290 1339 1352 1377 1390 1416 1420 1520 1522 1523 1557 1597 1600 1620 1622 1683 1688 1689 1721 1730 1746 1750 1752 1753 1800 1819 1827 1835 1867 1891 
1520 107 921 925 927 967 980 1026 1047 1059 1075 1076 1124 1126 1146 1184 1290 1312 1352 1377 1388 1390 1391 1420 1523 1530 1551 1554 1557 1559 1563 1589 1590 1597 1600 1610 1612 1613 1622 1659 1663 1669 1683 1689 1700 1707 1730 1746 1750 1752 1768 1791 1793 1800 1819 1827 1833 1835 1891 
1250 107 526 916 925 947 952 967 1004 1026 1049 1059 1075 1076 1079 1086 1092 1110 1126 1146 1184 1199 1209 1335 1339 1352 1390 1416 1420 1522 1524 1530 1554 1557 1559 1589 1597 1600 1610 1612 1613 1617 1619 1620 1622 1632 1659 1663 1683 1688 1689 1707 1721 1730 1736 1746 1750 1752 1754 1768 1793 1796 1800 1819 1827 1833 1867 1879 
1523 107 916 925 967 1004 1047 1049 1059 1075 1076 1079 1110 1126 1146 1184 1290 1352 1390 1420 1520 1554 1557 1600 1609 1617 1622 1632 1659 1663 1683 1689 1723 1746 1750 1768 1800 1819 1827 1835 1867 1891 
916 107 925 947 952 967 982 993 1004 1026 1047 1076 1079 1086 1092 1184 1191 1199 1230 1250 1269 1290 1312 1329 1331 1335 1365 1390 1522 1523 1524 1530 1551 1554 1557 1559 1563 1571 1589 1597 1610 1612 1613 1614 1617 1619 1622 1632 1663 1707 1730 1736 1746 1750 1752 1753 1754 1768 1791 1793 1796 1800 1827 1835 1864 1879 
1393 107 526 921 980 1048 1049 1074 1110 1191 1199 1230 1290 1329 1331 1335 1388 1407 1522 1528 1551 1557 1609 1620 1688 1707 1730 1753 1754 1768 1793 1835 1845 1864 1879 
1391 107 921 947 952 982 993 1004 1026 1048 1049 1056 1059 1076 1079 1086 1116 1126 1146 1184 1199 1230 1269 1291 1312 1329 1335 1339 1352 1359 1377 1388 1390 1420 1520 1522 1530 1551 1554 1557 1559 1570 1589 1597 1600 1612 1613 1614 1622 1632 1663 1669 1683 1689 1707 1730 1736 1746 1750 1754 1768 1791 1793 1800 1827 1833 1835 1845 1867 
1390 107 916 921 925 947 952 967 982 993 1004 1049 1059 1075 1076 1079 1086 1092 1110 1126 1146 1184 1191 1199 1209 1230 1250 1290 1291 1331 1335 1339 1352 1391 1416 1420 1520 1522 1523 1524 1530 1551 1554 1557 1570 1589 1597 1600 1610 1612 1613 1617 1619 1620 1622 1632 1659 1663 1683 1689 1707 1721 1730 1736 1746 1750 1752 1768 1791 1793 1796 1800 1819 1827 1833 1835 1867 1879 
1230 107 916 921 947 952 967 980 1048 1049 1074 1092 1116 1124 1146 1191 1199 1243 1269 1290 1291 1329 1331 1335 1352 1359 1377 1388 1390 1391 1393 1407 1420 1484 1522 1530 1551 1554 1557 1559 1563 1589 1597 1609 1612 1617 1620 1622 1669 1688 1689 1707 1721 1723 1730 1736 1746 1750 1752 1753 1754 1768 1793 1800 1827 1833 1835 1845 1864 1867 1879 
1335 107 916 925 993 1004 1059 1076 1079 1086 1124 1126 1184 1191 1199 1230 1250 1290 1291 1339 1352 1365 1377 1390 1391 1393 1522 1530 1551 1554 1557 1559 1589 1597 1610 1612 1613 1619 1622 1632 1663 1707 1721 1730 1736 1746 1754 1793 1796 1800 1827 1833 1864 1879 
1331 107 916 932 980 982 1004 1048 1074 1076 1079 1116 1126 1184 1191 1199 1209 1230 1269 1329 1339 1352 1377 1388 1390 1393 1420 1484 1522 1530 1551 1559 1589 1610 1612 1613 1617 1619 1620 1622 1632 1663 1707 1721 1722 1730 1736 1746 1754 1768 1793 1800 1827 1835 1845 1864 1867 1879 
107 526 916 921 925 927 932 947 952 967 980 982 993 1004 1026 1047 1048 1049 1056 1059 1074 1075 1076 1079 1086 1092 1110 1116 1124 1126 1146 1184 1191 1199 1209 1230 1243 1250 1269 1290 1291 1312 1329 1331 1335 1339 1352 1359 1365 1377 1388 1390 1391 1393 1407 1416 1420 1460 1484 1520 1522 1523 1524 1528 1530 1551 1554 1557 1559 1563 1570 1571 1589 1590 1597 1600 1609 1610 1612 1613 1614 1617 1619 1620 1622 1632 1659 1663 1669 1683 1688 1689 1700 1707 1721 1722 1723 1730 1736 1746 1750 1752 1753 1754 1768 1791 1793 1796 1800 1819 1827 1833 1835 1845 1864 1867 1879 1891 
1835 107 916 921 925 927 947 967 980 993 1004 1026 1047 1048 1059 1076 1079 1086 1110 1116 1124 1126 1146 1184 1191 1199 1209 1230 1243 1269 1290 1291 1312 1329 1331 1352 1359 1377 1388 1390 1391 1393 1416 1420 1460 1520 1522 1523 1528 1551 1554 1557 1559 1563 1570 1589 1590 1600 1609 1612 1613 1617 1620 1622 1632 1659 1663 1669 1683 1689 1721 1730 1746 1750 1752 1753 1768 1791 1793 1800 1819 1827 1833 1845 1864 1867 1891 
1722 107 932 1048 1056 1086 1199 1331 1359 1388 1528 1571 1589 1619 1622 1707 1730 1754 1768 1864 
1723 107 1146 1199 1230 1243 1329 1377 1523 1528 1551 1554 1559 1610 1663 1730 1736 1746 1754 1768 1791 1793 1800 1827 1864 
1845 107 921 932 947 967 980 982 1026 1048 1049 1074 1075 1110 1116 1124 1184 1199 1230 1269 1290 1329 1331 1352 1388 1391 1393 1484 1522 1528 1551 1554 1557 1563 1589 1617 1620 1622 1669 1688 1707 1730 1736 1753 1754 1768 1793 1800 1827 1835 1864 
1721 107 925 947 967 980 993 1004 1026 1047 1049 1059 1076 1079 1086 1110 1126 1146 1184 1199 1209 1230 1243 1250 1269 1290 1331 1335 1352 1377 1390 1416 1420 1530 1551 1554 1557 1589 1597 1600 1610 1612 1613 1659 1663 1683 1688 1689 1707 1730 1736 1746 1750 1752 1791 1796 1800 1819 1827 1833 1835 1867 1879 
1243 107 921 925 927 947 967 980 993 1047 1049 1059 1075 1076 1079 1086 1110 1124 1126 1146 1191 1209 1230 1269 1290 1329 1352 1377 1420 1522 1528 1530 1554 1559 1563 1570 1589 1590 1609 1610 1612 1613 1620 1659 1663 1669 1688 1721 1723 1730 1746 1753 1754 1768 1791 1800 1827 1833 1835 1867 
1530 107 916 925 927 952 993 1059 1076 1079 1184 1199 1230 1243 1250 1291 1331 1335 1339 1352 1365 1390 1391 1416 1420 1520 1522 1554 1559 1563 1589 1597 1610 1612 1613 1617 1663 1669 1689 1707 1721 1730 1736 1746 1750 1752 1754 1768 1793 1800 1827 1833 1867 1879 
1004 107 916 925 952 1059 1076 1079 1092 1146 1184 1199 1209 1250 1290 1291 1331 1335 1339 1352 1390 1391 1416 1420 1522 1523 1524 1554 1557 1559 1589 1597 1600 1610 1612 1617 1620 1622 1632 1659 1663 1683 1688 1689 1707 1721 1730 1736 1746 1750 1752 1796 1800 1819 1827 1833 1835 1867 1879 
1683 107 921 925 947 980 993 1004 1059 1076 1079 1124 1126 1146 1184 1250 1290 1329 1339 1352 1377 1390 1391 1416 1420 1520 1522 1523 1551 1554 1557 1559 1563 1589 1597 1600 1612 1613 1619 1620 1622 1632 1659 1663 1689 1700 1707 1721 1730 1746 1750 1752 1768 1791 1800 1819 1827 1833 1835 1867 1891 
1522 107 916 921 947 952 967 982 993 1004 1026 1048 1049 1059 1074 1075 1076 1079 1086 1110 1116 1124 1126 1146 1184 1199 1209 1230 1243 1250 1269 1290 1312 1329 1331 1335 1352 1377 1388 1390 1391 1393 1420 1460 1528 1530 1551 1554 1557 1559 1563 1570 1589 1590 1600 1609 1612 1613 1617 1620 1622 1632 1659 1663 1669 1683 1688 1689 1707 1730 1746 1750 1752 1768 1791 1800 1827 1833 1835 1845 1864 1879 
1879 107 916 925 980 1004 1059 1076 1079 1086 1124 1126 1146 1184 1191 1199 1230 1250 1269 1291 1312 1331 1335 1339 1352 1377 1390 1393 1416 1420 1522 1530 1551 1554 1557 1559 1571 1589 1590 1597 1600 1610 1612 1613 1619 1622 1663 1689 1707 1721 1730 1736 1746 1750 1754 1768 1793 1800 1827 1833 1864 
1420 107 921 925 927 932 947 952 967 993 1004 1026 1047 1048 1059 1076 1124 1126 1146 1184 1230 1243 1250 1269 1290 1291 1312 1329 1331 1352 1365 1377 1390 1391 1520 1522 1523 1530 1551 1554 1557 1559 1563 1570 1571 1589 1590 1597 1612 1613 1614 1619 1622 1632 1659 1663 1669 1683 1689 1707 1721 1730 1736 1746 1750 1752 1753 1768 1796 1800 1819 1827 1833 1835 1864 1867 1879 1891 
1632 107 916 925 980 993 1004 1059 1076 1086 1184 1199 1250 1290 1331 1335 1339 1390 1391 1420 1522 1523 1557 1589 1597 1600 1612 1613 1617 1619 1620 1622 1663 1683 1689 1700 1707 1730 1736 1746 1752 1768 1796 1800 1827 1833 1835 1867 
1589 107 916 921 925 927 932 947 952 967 980 982 993 1004 1026 1048 1049 1059 1076 1079 1086 1092 1124 1126 1146 1184 1191 1199 1230 1243 1250 1269 1290 1291 1312 1329 1331 1335 1339 1352 1365 1377 1388 1390 1391 1416 1420 1520 1522 1524 1528 1530 1551 1554 1557 1559 1563 1571 1590 1597 1609 1610 1612 1613 1614 1617 1622 1632 1663 1669 1683 1689 1707 1721 1722 1730 1736 1746 1750 1752 1753 1754 1768 1793 1796 1800 1819 1827 1833 1835 1845 1864 1867 1879 1891 
1730 107 526 916 921 925 927 932 947 952 967 980 982 993 1004 1026 1047 1048 1049 1059 1074 1075 1079 1086 1110 1116 1126 1146 1184 1191 1199 1209 1230 1243 1250 1269 1290 1291 1312 1329 1331 1335 1352 1359 1377 1388 1390 1391 1393 1407 1416 1420 1460 1520 1522 1524 1528 1530 1551 1554 1557 1559 1563 1570 1571 1589 1600 1609 1610 1612 1613 1614 1617 1620 1622 1632 1659 1663 1669 1683 1688 1689 1707 1721 1722 1723 1736 1746 1750 1753 1754 1768 1791 1793 1800 1819 1827 1833 1835 1845 1864 1867 1879 1891 
1736 107 916 925 927 952 982 1004 1059 1074 1076 1079 1086 1124 1126 1184 1191 1199 1230 1250 1269 1291 1312 1331 1335 1339 1352 1388 1390 1391 1416 1420 1530 1551 1554 1557 1559 1563 1589 1590 1597 1600 1610 1612 1613 1619 1622 1632 1663 1689 1707 1721 1723 1730 1746 1750 1754 1768 1791 1793 1800 1819 1827 1833 1845 1864 1879 
1359 107 993 1056 1124 1191 1199 1230 1377 1388 1391 1551 1557 1559 1570 1571 1609 1619 1620 1663 1669 1722 1730 1754 1768 1791 1793 1796 1835 
1352 107 921 925 927 947 952 967 980 993 1004 1026 1047 1048 1049 1059 1075 1076 1079 1086 1110 1124 1126 1146 1184 1191 1199 1209 1230 1243 1250 1269 1290 1291 1312 1329 1331 1335 1339 1377 1390 1391 1416 1420 1484 1520 1522 1523 1528 1530 1551 1554 1557 1559 1563 1570 1589 1590 1597 1600 1609 1610 1612 1613 1614 1617 1619 1620 1622 1659 1663 1669 1683 1688 1689 1707 1721 1730 1736 1746 1750 1752 1753 1768 1791 1793 1800 1819 1827 1833 1835 1845 1867 1879 1891 
1597 107 916 925 947 952 993 1004 1049 1075 1076 1079 1184 1199 1209 1230 1250 1290 1291 1335 1352 1377 1390 1391 1416 1420 1520 1530 1551 1554 1557 1559 1589 1600 1610 1612 1617 1622 1632 1659 1663 1683 1688 1689 1707 1721 1736 1746 1750 1752 1791 1800 1819 1827 1833 1867 1879 
1864 107 526 916 921 932 947 982 993 1048 1049 1056 1074 1075 1092 1110 1116 1191 1199 1230 1269 1290 1291 1312 1329 1331 1335 1377 1388 1393 1407 1420 1522 1528 1551 1554 1557 1559 1571 1589 1609 1614 1617 1620 1688 1689 1707 1722 1723 1730 1736 1753 1754 1768 1791 1793 1800 1827 1835 1845 1879 
1867 107 925 947 967 993 1004 1047 1049 1059 1075 1076 1079 1086 1126 1146 1184 1199 1209 1230 1243 1250 1290 1331 1339 1352 1377 1390 1391 1420 1523 1524 1530 1551 1554 1557 1589 1597 1600 1612 1613 1614 1620 1622 1632 1659 1663 1683 1688 1689 1721 1730 1746 1750 1752 1793 1796 1800 1819 1827 1833 1835 
1622 107 916 921 925 932 947 952 967 980 993 1004 1026 1047 1048 1059 1076 1079 1086 1092 1110 1124 1126 1146 1184 1199 1209 1230 1250 1269 1290 1291 1312 1331 1335 1339 1352 1377 1388 1390 1391 1416 1420 1460 1520 1522 1523 1554 1557 1559 1563 1571 1589 1597 1600 1610 1612 1613 1620 1632 1659 1663 1669 1683 1688 1689 1707 1722 1730 1736 1746 1750 1752 1753 1768 1791 1793 1796 1800 1819 1827 1833 1835 1845 1867 1879 1891 
1026 107 916 921 927 932 967 980 993 1048 1075 1146 1250 1290 1312 1352 1377 1391 1420 1460 1520 1522 1554 1557 1559 1570 1589 1590 1612 1613 1622 1663 1669 1721 1730 1746 1753 1768 1793 1827 1835 1845 
1184 107 916 925 947 952 993 1004 1049 1059 1075 1076 1079 1086 1124 1126 1146 1199 1209 1250 1269 1331 1335 1339 1352 1390 1391 1416 1420 1520 1522 1523 1524 1530 1551 1557 1559 1563 1589 1597 1600 1610 1612 1613 1617 1619 1620 1622 1632 1659 1663 1669 1683 1688 1689 1700 1707 1721 1730 1736 1746 1750 1752 1754 1793 1800 1819 1827 1833 1835 1845 1867 1879 
1600 107 526 925 993 1004 1059 1075 1076 1079 1086 1110 1116 1146 1184 1209 1250 1269 1290 1329 1339 1352 1377 1390 1391 1416 1520 1522 1523 1554 1557 1570 1571 1597 1609 1610 1612 1620 1622 1632 1659 1663 1669 1683 1688 1689 1721 1730 1736 1746 1750 1752 1768 1791 1800 1819 1827 1835 1867 1879 1891 
1746 107 916 925 947 952 980 993 1004 1026 1048 1049 1059 1075 1076 1079 1086 1126 1146 1184 1199 1209 1230 1243 1250 1269 1290 1291 1329 1331 1335 1339 1352 1377 1390 1391 1416 1420 1520 1522 1523 1524 1528 1530 1551 1554 1557 1559 1589 1597 1600 1610 1612 1613 1617 1619 1620 1622 1632 1659 1663 1669 1683 1688 1689 1707 1721 1723 1730 1736 1750 1752 1768 1793 1796 1800 1819 1827 1833 1835 1867 1879 1891 
1209 107 526 925 980 993 1004 1048 1049 1075 1079 1110 1146 1184 1243 1250 1290 1291 1331 1339 1352 1390 1407 1416 1522 1528 1554 1557 1597 1600 1612 1620 1622 1659 1663 1688 1721 1730 1746 1750 1752 1754 1791 1796 1800 1819 1827 1835 1867 
1891 107 921 925 967 980 993 1047 1059 1124 1146 1269 1290 1352 1377 1420 1520 1523 1551 1554 1559 1563 1570 1589 1600 1610 1612 1613 1622 1659 1663 1669 1683 1689 1730 1746 1752 1753 1768 1800 1827 1835 
1199 107 916 921 925 947 952 980 982 993 1004 1047 1059 1074 1076 1079 1086 1092 1124 1126 1146 1184 1191 1230 1250 1269 1291 1329 1331 1335 1339 1352 1359 1365 1377 1390 1391 1393 1407 1416 1522 1530 1551 1554 1557 1559 1563 1570 1589 1597 1609 1610 1612 1613 1614 1617 1619 1620 1622 1632 1659 1663 1669 1707 1721 1722 1723 1730 1736 1746 1750 1754 1768 1791 1793 1796 1800 1827 1833 1835 1845 1864 1867 1879 
1092 107 916 925 967 1004 1076 1124 1126 1199 1230 1250 1291 1390 1551 1559 1589 1609 1617 1622 1669 1753 1754 1768 1827 1864 
1056 107 932 982 1048 1110 1124 1191 1290 1329 1359 1377 1391 1528 1551 1559 1570 1609 1620 1663 1669 1688 1722 1754 1768 1791 1793 1800 1864 
1619 107 916 982 1086 1126 1146 1184 1199 1250 1290 1291 1331 1335 1352 1359 1390 1420 1571 1610 1612 1632 1663 1683 1707 1722 1736 1746 1793 1796 1800 1833 1879 
1191 107 526 916 932 980 993 1047 1048 1049 1056 1059 1074 1110 1124 1126 1199 1230 1243 1290 1291 1329 1331 1335 1352 1359 1377 1388 1390 1393 1407 1528 1551 1554 1559 1563 1570 1571 1589 1609 1610 1613 1620 1663 1669 1707 1730 1736 1768 1791 1800 1827 1833 1835 1864 1879 
1059 107 921 925 947 952 993 1004 1049 1075 1076 1079 1086 1110 1126 1146 1184 1191 1199 1243 1250 1269 1290 1291 1312 1329 1335 1339 1352 1377 1390 1391 1416 1420 1520 1522 1523 1524 1530 1551 1554 1557 1559 1563 1570 1589 1600 1610 1612 1613 1617 1620 1622 1632 1659 1663 1669 1683 1688 1689 1707 1721 1730 1736 1746 1750 1752 1754 1768 1793 1796 1800 1819 1827 1833 1835 1867 1879 1891 
1614 107 916 925 947 967 1048 1075 1126 1146 1199 1290 1312 1352 1377 1391 1407 1420 1557 1589 1590 1612 1613 1669 1689 1730 1752 1768 1796 1800 1819 1833 1864 1867 
952 107 916 921 967 993 1004 1059 1076 1086 1126 1184 1199 1230 1250 1269 1290 1291 1352 1365 1377 1390 1391 1420 1522 1530 1554 1557 1589 1597 1612 1617 1622 1663 1689 1707 1730 1736 1746 1750 1752 1791 1793 1800 1827 1833 
1612 107 916 921 925 927 947 952 980 993 1004 1026 1048 1059 1076 1079 1126 1146 1184 1199 1209 1230 1243 1250 1269 1290 1312 1329 1331 1335 1339 1352 1365 1377 1388 1390 1391 1416 1420 1520 1522 1528 1530 1551 1554 1557 1559 1563 1570 1589 1590 1597 1600 1610 1613 1614 1617 1619 1622 1632 1663 1669 1683 1689 1707 1721 1730 1736 1746 1750 1752 1753 1768 1791 1796 1800 1819 1827 1833 1835 1867 1879 1891 
1613 107 916 921 925 927 947 980 993 1026 1048 1059 1076 1079 1086 1126 1146 1184 1191 1199 1243 1250 1269 1290 1291 1312 1329 1331 1335 1339 1352 1377 1388 1390 1391 1416 1420 1520 1522 1524 1528 1530 1554 1557 1559 1563 1570 1589 1590 1610 1612 1614 1617 1620 1622 1632 1663 1669 1683 1689 1707 1721 1730 1736 1746 1752 1753 1768 1791 1793 1796 1800 1827 1833 1835 1867 1879 1891 
1610 107 916 925 947 980 982 1004 1047 1059 1076 1079 1086 1124 1126 1146 1184 1191 1199 1243 1250 1269 1331 1335 1339 1352 1377 1390 1416 1484 1520 1530 1551 1554 1559 1563 1589 1597 1600 1609 1612 1613 1619 1622 1663 1669 1707 1721 1723 1730 1736 1746 1752 1753 1754 1768 1793 1796 1800 1827 1833 1879 1891 
1116 107 980 1048 1049 1074 1230 1269 1329 1331 1391 1484 1522 1600 1609 1617 1688 1730 1754 1800 1827 1835 1845 1864 
1563 107 916 921 925 927 947 967 980 1048 1059 1076 1086 1124 1126 1146 1184 1191 1199 1230 1243 1290 1312 1329 1339 1352 1377 1420 1520 1522 1528 1530 1551 1554 1559 1570 1589 1590 1610 1612 1613 1622 1663 1669 1683 1689 1707 1730 1736 1752 1753 1768 1793 1800 1827 1833 1835 1845 1891 
1753 107 916 921 925 967 980 993 1026 1047 1048 1076 1086 1092 1110 1124 1126 1146 1230 1243 1269 1290 1329 1352 1377 1393 1407 1420 1528 1551 1554 1559 1563 1570 1589 1610 1612 1613 1622 1659 1663 1669 1689 1730 1768 1800 1827 1833 1835 1845 1864 1891 
1752 107 916 925 947 952 967 1004 1049 1059 1075 1076 1079 1126 1184 1209 1230 1250 1290 1291 1339 1352 1365 1390 1416 1420 1520 1522 1524 1530 1554 1557 1559 1563 1589 1597 1600 1610 1612 1613 1614 1622 1632 1659 1663 1669 1683 1688 1689 1707 1721 1746 1750 1796 1800 1819 1827 1833 1835 1867 1891 
1750 107 916 921 925 927 947 952 980 993 1004 1048 1049 1059 1076 1079 1086 1110 1184 1199 1209 1230 1250 1269 1290 1291 1312 1329 1339 1352 1377 1390 1391 1416 1420 1520 1522 1523 1530 1551 1554 1557 1559 1589 1597 1600 1612 1617 1622 1659 1663 1683 1688 1689 1707 1721 1730 1736 1746 1752 1791 1793 1800 1819 1827 1833 1835 1867 1879 
1528 107 526 927 947 967 1048 1049 1056 1075 1110 1146 1191 1209 1243 1269 1290 1329 1352 1377 1393 1407 1416 1522 1557 1559 1563 1589 1609 1612 1613 1620 1663 1669 1688 1722 1723 1730 1746 1753 1754 1768 1791 1827 1835 1845 1864 
1609 107 526 927 993 1047 1048 1056 1075 1092 1110 1116 1124 1191 1199 1230 1243 1269 1290 1329 1352 1359 1377 1388 1393 1522 1523 1528 1551 1554 1557 1559 1570 1589 1600 1610 1620 1663 1669 1688 1730 1768 1791 1793 1800 1835 1864 
1047 107 916 925 967 980 1076 1110 1124 1126 1146 1191 1199 1243 1290 1352 1377 1407 1420 1520 1523 1551 1554 1557 1559 1609 1610 1622 1663 1669 1689 1721 1730 1753 1768 1800 1827 1835 1867 1891 
1800 107 526 916 925 947 952 967 980 982 993 1004 1047 1048 1049 1056 1059 1075 1076 1079 1086 1110 1116 1124 1126 1146 1184 1191 1199 1209 1230 1243 1250 1269 1290 1291 1329 1331 1335 1339 1352 1377 1390 1391 1416 1420 1484 1520 1522 1523 1524 1530 1551 1554 1557 1559 1563 1589 1590 1597 1600 1609 1610 1612 1613 1614 1617 1619 1620 1622 1632 1659 1663 1669 1683 1688 1689 1707 1721 1723 1730 1736 1746 1750 1752 1753 1754 1768 1791 1793 1796 1819 1827 1833 1835 1845 1864 1867 1879 1891 
947 107 916 927 993 1049 1059 1079 1086 1126 1184 1199 1230 1243 1250 1269 1291 1329 1352 1365 1377 1390 1391 1416 1420 1522 1528 1551 1559 1563 1589 1590 1597 1610 1612 1613 1614 1617 1622 1663 1669 1683 1721 1730 1746 1750 1752 1754 1768 1800 1827 1833 1835 1845 1864 1867 
1049 107 526 921 925 947 967 980 1048 1059 1075 1086 1110 1116 1146 1184 1191 1209 1230 1243 1250 1269 1290 1329 1352 1377 1390 1391 1393 1407 1416 1522 1523 1528 1554 1557 1589 1597 1620 1659 1688 1689 1721 1730 1746 1750 1752 1754 1800 1819 1827 1845 1864 1867 
1048 107 921 925 927 967 980 993 1026 1049 1056 1074 1075 1110 1116 1124 1126 1146 1191 1209 1230 1269 1290 1329 1331 1352 1365 1377 1391 1393 1407 1416 1420 1484 1522 1528 1551 1554 1557 1559 1563 1570 1589 1590 1609 1612 1613 1614 1622 1659 1663 1669 1688 1722 1730 1746 1750 1753 1754 1768 1791 1800 1827 1835 1845 1864 
1768 107 526 916 921 925 927 947 967 980 993 1026 1047 1048 1056 1059 1074 1075 1076 1079 1086 1092 1124 1126 1146 1191 1199 1230 1243 1250 1269 1290 1291 1312 1329 1331 1339 1352 1359 1377 1388 1390 1391 1393 1407 1416 1420 1460 1520 1522 1523 1528 1530 1551 1554 1557 1559 1563 1570 1571 1589 1590 1600 1609 1610 1612 1613 1614 1620 1622 1632 1663 1669 1683 1688 1707 1722 1723 1730 1736 1746 1753 1791 1793 1800 1827 1833 1835 1845 1864 1879 1891 
1365 107 916 925 947 952 967 1048 1079 1146 1199 1290 1335 1420 1530 1557 1559 1589 1612 1617 1663 1669 1689 1752 
1617 107 916 925 947 952 993 1004 1059 1074 1076 1086 1092 1116 1126 1184 1199 1230 1250 1269 1312 1329 1331 1352 1365 1377 1390 1522 1523 1530 1551 1554 1557 1589 1590 1597 1612 1613 1632 1663 1669 1689 1700 1707 1730 1746 1750 1754 1791 1793 1800 1827 1833 1835 1845 1864 
1689 107 921 925 952 967 980 993 1004 1047 1049 1059 1076 1079 1086 1124 1126 1146 1184 1230 1250 1290 1339 1352 1365 1377 1390 1391 1420 1520 1522 1523 1524 1530 1551 1554 1557 1559 1563 1589 1597 1600 1612 1613 1614 1617 1620 1622 1632 1659 1663 1683 1688 1707 1721 1730 1736 1746 1750 1752 1753 1793 1796 1800 1819 1827 1833 1835 1864 1867 1879 1891 
1688 107 526 925 967 993 1004 1048 1049 1056 1059 1075 1079 1086 1110 1116 1184 1209 1230 1243 1250 1269 1290 1329 1339 1352 1377 1393 1407 1416 1522 1524 1528 1557 1597 1600 1609 1620 1622 1659 1663 1689 1721 1730 1746 1750 1752 1754 1768 1791 1800 1827 1845 1864 1867 
1571 107 916 932 1086 1191 1359 1388 1420 1589 1600 1619 1620 1622 1663 1669 1707 1722 1730 1754 1768 1793 1796 1833 1864 1879 
1570 107 921 925 927 967 980 1026 1048 1056 1059 1074 1086 1124 1146 1191 1199 1243 1269 1290 1291 1312 1329 1352 1359 1377 1390 1391 1420 1460 1522 1551 1554 1559 1563 1590 1600 1609 1612 1613 1620 1663 1669 1730 1753 1768 1833 1835 1891 
1590 107 925 927 947 967 993 1026 1048 1126 1243 1290 1291 1312 1329 1352 1377 1420 1460 1520 1522 1563 1570 1589 1612 1613 1614 1617 1663 1736 1768 1793 1800 1819 1835 1879 
