1779 107 1003 1050 1055 1161 1266 1369 1405 1431 1434 1441 1513 1544 1564 1585 1637 1639 1765 1822 1851 1883 1905 
1003 107 906 925 946 967 1004 1054 1059 1075 1076 1079 1086 1112 1126 1175 1184 1191 1242 1250 1255 1272 1293 1305 1331 1339 1340 1352 1367 1376 1380 1390 1391 1416 1420 1431 1435 1480 1484 1488 1513 1516 1520 1523 1539 1540 1557 1559 1563 1589 1597 1598 1600 1612 1613 1614 1618 1622 1623 1637 1639 1641 1644 1652 1653 1659 1662 1663 1683 1689 1707 1712 1717 1721 1724 1737 1741 1746 1750 1752 1765 1779 1789 1795 1799 1800 1809 1816 1819 1827 1835 1843 1851 1867 1877 1888 
1851 107 1003 1059 1175 1367 1369 1376 1405 1480 1513 1612 1614 1622 1637 1639 1663 1765 1779 1835 
1305 107 946 967 1003 1126 1175 1255 1272 1293 1352 1367 1376 1390 1391 1420 1431 1480 1488 1513 1516 1559 1563 1589 1612 1613 1614 1622 1637 1663 1683 1746 1799 1800 1835 1877 1888 
1789 107 1003 1004 1059 1086 1112 1175 1184 1242 1250 1331 1339 1340 1367 1376 1380 1390 1391 1416 1431 1480 1488 1516 1539 1557 1559 1598 1600 1612 1613 1622 1652 1653 1662 1663 1683 1689 1707 1712 1717 1737 1746 1750 1799 1800 1819 1827 1867 1877 1888 
1266 107 1050 1055 1431 1434 1441 1564 1585 1779 1822 1905 
1613 107 925 1003 1054 1059 1076 1079 1086 1126 1184 1191 1242 1250 1255 1272 1293 1305 1331 1339 1340 1352 1367 1376 1390 1391 1416 1420 1431 1516 1520 1557 1559 1563 1589 1598 1612 1614 1622 1623 1637 1639 1644 1652 1653 1662 1663 1683 1689 1707 1712 1717 1721 1737 1746 1752 1765 1789 1795 1799 1800 1809 1816 1827 1835 1867 1888 
1544 107 1050 1055 1059 1405 1431 1434 1441 1564 1585 1779 1822 1905 
1540 107 1003 1054 1059 1079 1161 1175 1339 1352 1390 1391 1435 1520 1523 1539 1557 1597 1600 1618 1622 1652 1683 1689 1717 1800 1819 1827 1867 1877 
1079 107 925 946 1003 1004 1059 1076 1086 1126 1184 1242 1250 1331 1339 1340 1352 1367 1390 1391 1416 1431 1516 1523 1539 1540 1557 1589 1597 1600 1612 1613 1622 1623 1644 1652 1653 1659 1662 1663 1683 1689 1707 1717 1721 1724 1737 1741 1746 1750 1752 1795 1800 1816 1819 1827 1835 1867 1888 
1076 107 925 946 967 1003 1004 1059 1075 1079 1086 1126 1175 1184 1242 1250 1331 1339 1340 1352 1367 1376 1390 1391 1416 1420 1431 1480 1516 1520 1523 1539 1557 1559 1563 1589 1597 1600 1612 1613 1622 1623 1637 1644 1652 1653 1659 1662 1663 1683 1689 1717 1721 1737 1741 1746 1750 1752 1795 1799 1800 1816 1819 1827 1835 1867 1877 1888 
1075 107 906 925 1003 1054 1059 1076 1086 1112 1175 1184 1242 1250 1340 1352 1367 1376 1390 1416 1513 1520 1523 1539 1557 1597 1600 1614 1637 1644 1659 1717 1724 1737 1746 1752 1765 1795 1800 1816 1819 1827 1867 1877 1888 
1255 107 946 967 1003 1059 1086 1112 1126 1175 1184 1250 1272 1305 1352 1367 1369 1376 1390 1391 1405 1416 1420 1431 1513 1516 1520 1539 1559 1563 1589 1600 1612 1613 1614 1622 1637 1639 1659 1662 1663 1683 1717 1721 1737 1746 1750 1752 1765 1799 1800 1819 1827 1835 1888 
1376 107 906 925 946 967 1003 1054 1059 1075 1076 1086 1126 1175 1184 1191 1242 1250 1255 1272 1293 1305 1331 1340 1352 1367 1390 1391 1405 1416 1420 1431 1513 1516 1520 1523 1539 1557 1559 1563 1589 1597 1600 1612 1613 1622 1623 1637 1639 1653 1659 1662 1663 1683 1689 1707 1717 1721 1724 1737 1741 1746 1750 1752 1765 1789 1795 1799 1800 1816 1819 1827 1835 1851 1867 1888 
1799 107 925 946 1003 1004 1059 1076 1086 1112 1126 1184 1250 1255 1272 1305 1339 1340 1352 1367 1376 1390 1391 1416 1420 1431 1516 1520 1557 1559 1563 1589 1597 1612 1613 1614 1622 1623 1653 1662 1663 1683 1689 1707 1717 1721 1737 1746 1750 1752 1789 1795 1800 1816 1819 1827 1835 1867 1877 1888 
1795 107 906 925 1003 1004 1054 1059 1075 1076 1079 1184 1242 1250 1339 1352 1376 1390 1391 1416 1420 1520 1523 1539 1557 1563 1589 1597 1598 1600 1612 1613 1622 1623 1637 1644 1652 1663 1683 1689 1717 1721 1724 1746 1750 1752 1799 1800 1819 1827 1835 1867 1877 
1557 107 906 925 946 967 1003 1004 1054 1059 1075 1076 1079 1086 1126 1175 1184 1242 1250 1293 1339 1340 1352 1367 1376 1390 1391 1416 1420 1431 1488 1516 1520 1523 1539 1540 1559 1589 1597 1598 1600 1612 1613 1614 1622 1623 1644 1653 1659 1662 1663 1683 1689 1707 1717 1721 1724 1737 1746 1750 1752 1789 1795 1799 1800 1819 1827 1835 1867 1877 1888 
1707 107 946 1003 1004 1054 1059 1079 1086 1126 1175 1184 1191 1250 1293 1331 1339 1352 1367 1376 1380 1390 1391 1416 1420 1488 1516 1520 1557 1563 1589 1597 1598 1612 1613 1622 1623 1662 1663 1683 1689 1712 1717 1721 1737 1741 1746 1750 1752 1789 1799 1800 1809 1816 1827 1888 
1559 107 925 946 967 1003 1004 1059 1076 1126 1175 1184 1191 1242 1250 1255 1272 1305 1331 1352 1369 1376 1391 1420 1431 1488 1516 1520 1539 1557 1563 1589 1597 1598 1612 1613 1622 1637 1639 1662 1663 1683 1689 1712 1717 1741 1746 1750 1752 1789 1799 1800 1809 1816 1827 1835 1843 1888 
1827 107 906 925 946 967 1003 1004 1054 1059 1075 1076 1079 1086 1112 1126 1175 1184 1191 1242 1250 1255 1331 1339 1340 1352 1367 1376 1390 1391 1416 1420 1431 1435 1488 1516 1520 1523 1539 1540 1557 1559 1563 1589 1597 1600 1612 1613 1618 1622 1623 1644 1652 1653 1659 1662 1663 1683 1689 1707 1717 1721 1724 1737 1741 1746 1750 1752 1789 1795 1799 1800 1816 1819 1835 1843 1867 1877 1888 
1822 107 1050 1055 1266 1434 1441 1544 1564 1585 1779 1905 
1405 107 946 967 1175 1255 1272 1369 1376 1513 1544 1612 1614 1622 1637 1639 1765 1779 1835 1851 1883 
1380 107 1003 1059 1126 1175 1250 1331 1352 1367 1390 1391 1420 1431 1488 1516 1523 1598 1600 1622 1623 1662 1689 1707 1712 1741 1746 1789 1800 1809 1816 1888 
925 107 906 946 967 1003 1004 1054 1059 1075 1076 1079 1086 1112 1126 1175 1184 1242 1250 1339 1340 1352 1367 1376 1390 1416 1420 1431 1516 1520 1523 1539 1557 1559 1563 1589 1597 1598 1600 1612 1613 1614 1618 1622 1623 1637 1639 1644 1653 1659 1663 1683 1689 1717 1721 1724 1737 1746 1750 1752 1795 1799 1800 1819 1827 1835 1867 1877 1888 
1416 107 925 946 1003 1004 1054 1059 1075 1076 1079 1086 1112 1175 1184 1242 1250 1255 1339 1340 1352 1367 1376 1390 1431 1480 1516 1539 1557 1589 1597 1600 1612 1613 1622 1623 1644 1652 1653 1659 1663 1683 1707 1717 1721 1724 1746 1750 1752 1789 1795 1799 1800 1827 1835 1877 1888 
1086 107 925 946 1003 1054 1059 1075 1076 1079 1112 1126 1175 1184 1250 1255 1339 1352 1367 1376 1390 1391 1416 1431 1480 1488 1516 1539 1557 1563 1589 1598 1600 1613 1622 1652 1659 1662 1663 1689 1707 1717 1721 1737 1741 1746 1750 1789 1799 1800 1809 1827 1835 1867 1877 1888 
1126 107 906 925 946 967 1003 1059 1076 1079 1086 1175 1184 1191 1242 1250 1255 1272 1305 1331 1339 1352 1367 1376 1380 1390 1391 1420 1431 1480 1488 1516 1520 1523 1539 1557 1559 1563 1589 1598 1612 1613 1614 1622 1623 1659 1662 1663 1683 1689 1707 1712 1717 1721 1737 1741 1746 1752 1765 1799 1800 1809 1816 1819 1827 1835 1843 1867 1888 
1480 107 906 946 967 1003 1004 1076 1086 1126 1175 1242 1305 1390 1416 1431 1488 1513 1598 1600 1612 1614 1639 1652 1653 1662 1712 1721 1752 1765 1789 1800 1809 1816 1851 1888 
1484 107 967 1003 1175 1331 1352 1800 1888 
1488 107 946 1003 1059 1086 1126 1184 1191 1250 1272 1293 1305 1331 1352 1367 1380 1390 1391 1431 1480 1516 1539 1557 1559 1598 1662 1663 1689 1707 1712 1717 1737 1741 1746 1752 1789 1800 1809 1816 1827 1888 
1712 107 946 1003 1059 1126 1250 1339 1352 1380 1390 1391 1431 1480 1488 1516 1559 1589 1598 1613 1622 1652 1662 1663 1707 1717 1746 1789 1800 1809 1816 1888 
1717 107 925 946 967 1003 1004 1054 1059 1075 1076 1079 1086 1126 1175 1184 1242 1250 1255 1340 1352 1367 1376 1390 1391 1416 1420 1431 1435 1488 1516 1520 1540 1557 1559 1563 1589 1598 1600 1612 1613 1618 1622 1623 1639 1644 1652 1653 1659 1663 1683 1689 1707 1712 1721 1724 1737 1746 1750 1752 1789 1795 1799 1800 1816 1819 1827 1835 1867 1877 1888 
1659 107 906 925 967 1003 1004 1054 1059 1075 1076 1079 1086 1126 1184 1242 1250 1255 1339 1352 1367 1376 1390 1416 1420 1520 1523 1557 1597 1598 1600 1622 1623 1644 1683 1689 1717 1721 1724 1737 1746 1750 1752 1800 1819 1827 1835 1867 1877 1888 
1520 107 906 925 967 1003 1059 1075 1076 1126 1184 1255 1272 1352 1367 1376 1390 1391 1420 1431 1516 1523 1540 1557 1559 1563 1589 1597 1600 1612 1613 1622 1639 1659 1662 1663 1683 1689 1707 1717 1746 1750 1752 1765 1795 1799 1800 1816 1819 1827 1835 1877 1888 
1250 107 906 925 946 967 1003 1004 1054 1059 1075 1076 1079 1086 1112 1126 1184 1242 1255 1293 1339 1340 1352 1367 1376 1380 1390 1416 1420 1431 1435 1488 1557 1559 1589 1597 1600 1612 1613 1622 1623 1644 1652 1653 1659 1662 1663 1683 1689 1707 1712 1717 1721 1724 1737 1741 1746 1750 1752 1765 1789 1795 1799 1800 1816 1819 1827 1867 1877 1888 
1523 107 925 967 1003 1004 1059 1075 1076 1079 1126 1184 1352 1369 1376 1380 1390 1420 1435 1520 1540 1557 1600 1618 1622 1659 1663 1683 1689 1724 1746 1750 1795 1800 1819 1827 1835 1867 1877 
1652 107 906 1003 1004 1059 1076 1079 1086 1175 1184 1242 1250 1331 1339 1340 1367 1390 1416 1435 1480 1539 1540 1597 1598 1600 1612 1613 1622 1623 1644 1653 1662 1683 1689 1712 1717 1724 1737 1746 1789 1795 1800 1809 1819 1827 1867 1877 1888 
1653 107 906 925 946 1003 1004 1059 1076 1079 1112 1184 1242 1250 1293 1339 1340 1367 1376 1390 1416 1480 1516 1539 1557 1597 1600 1612 1613 1622 1652 1683 1717 1721 1746 1789 1799 1800 1816 1827 1835 1867 1877 1888 
1391 107 946 1003 1004 1059 1076 1079 1086 1126 1175 1184 1255 1272 1305 1339 1352 1367 1376 1380 1390 1420 1431 1488 1516 1520 1539 1540 1557 1559 1589 1597 1598 1600 1612 1613 1614 1622 1639 1662 1663 1683 1689 1707 1712 1717 1746 1750 1789 1795 1799 1800 1809 1816 1827 1835 1843 1867 1877 1888 
1390 107 906 925 946 967 1003 1004 1054 1059 1075 1076 1079 1086 1112 1126 1175 1184 1191 1242 1250 1255 1305 1331 1339 1340 1352 1367 1376 1380 1391 1416 1420 1431 1435 1480 1488 1516 1520 1523 1539 1540 1557 1589 1597 1598 1600 1612 1613 1618 1622 1623 1644 1652 1653 1659 1662 1663 1683 1689 1707 1712 1717 1721 1724 1737 1741 1746 1750 1752 1789 1795 1799 1800 1809 1816 1819 1827 1835 1843 1867 1877 1888 
1339 107 925 946 1003 1004 1059 1076 1079 1086 1126 1184 1242 1250 1293 1331 1340 1352 1367 1390 1391 1416 1431 1540 1557 1563 1589 1598 1600 1612 1613 1622 1623 1644 1652 1653 1659 1663 1683 1689 1707 1712 1724 1737 1746 1750 1752 1789 1795 1799 1800 1816 1819 1827 1867 1888 
1331 107 946 1003 1004 1076 1079 1126 1175 1184 1191 1293 1339 1352 1367 1376 1380 1390 1420 1431 1484 1488 1516 1539 1559 1589 1598 1612 1613 1622 1623 1652 1662 1663 1707 1721 1741 1746 1789 1800 1809 1816 1827 1835 1843 1867 1888 
107 906 925 946 967 1003 1004 1050 1054 1055 1059 1075 1076 1079 1086 1112 1126 1161 1175 1184 1191 1242 1250 1255 1266 1272 1293 1305 1331 1339 1340 1352 1367 1369 1376 1380 1390 1391 1405 1416 1420 1431 1434 1435 1441 1480 1484 1488 1513 1516 1520 1523 1539 1540 1544 1557 1559 1563 1564 1585 1589 1597 1598 1600 1612 1613 1614 1618 1622 1623 1637 1639 1641 1644 1652 1653 1659 1662 1663 1683 1689 1707 1712 1717 1721 1724 1737 1741 1746 1750 1752 1765 1779 1789 1795 1799 1800 1809 1816 1819 1822 1827 1835 1843 1851 1867 1877 1883 1888 1905 
1644 107 906 925 1003 1004 1054 1059 1075 1076 1079 1112 1175 1184 1242 1250 1272 1339 1340 1352 1367 1369 1390 1416 1557 1597 1613 1622 1623 1639 1652 1659 1683 1689 1717 1721 1724 1746 1750 1752 1765 1795 1800 1819 1827 1867 
1434 107 1055 1266 1431 1441 1544 1564 1585 1779 1822 
1435 107 1003 1004 1054 1059 1184 1250 1390 1523 1539 1540 1597 1600 1622 1652 1683 1717 1746 1800 1819 1827 1867 1877 
906 107 925 1003 1054 1059 1075 1126 1175 1184 1242 1250 1352 1367 1376 1390 1431 1480 1520 1557 1600 1622 1623 1644 1652 1653 1659 1663 1689 1724 1737 1746 1795 1800 1816 1827 1867 1877 1888 
1431 107 906 925 946 967 1003 1004 1055 1059 1076 1079 1086 1126 1175 1184 1191 1242 1250 1255 1266 1272 1305 1331 1339 1352 1367 1376 1380 1390 1391 1416 1420 1434 1441 1480 1488 1516 1520 1539 1544 1557 1559 1564 1585 1589 1597 1598 1600 1612 1613 1614 1622 1623 1662 1663 1683 1689 1712 1717 1721 1737 1741 1746 1750 1752 1779 1789 1799 1800 1809 1816 1819 1827 1835 1867 1877 1888 1905 
1843 107 967 1003 1126 1331 1390 1391 1559 1598 1622 1800 1827 
1663 107 906 925 946 967 1003 1004 1059 1076 1079 1086 1126 1175 1184 1191 1250 1255 1305 1331 1339 1352 1367 1369 1376 1390 1391 1416 1420 1431 1488 1516 1520 1523 1539 1557 1559 1563 1589 1597 1598 1600 1612 1613 1622 1637 1639 1683 1689 1707 1712 1717 1721 1724 1741 1746 1750 1752 1789 1795 1799 1800 1809 1816 1819 1827 1835 1851 1867 1877 1888 
1724 107 906 925 1003 1054 1059 1075 1079 1112 1175 1184 1242 1250 1339 1352 1367 1376 1390 1416 1523 1539 1557 1600 1622 1644 1652 1659 1663 1683 1689 1717 1721 1737 1752 1795 1800 1816 1827 1867 1877 
1835 107 925 946 967 1003 1004 1059 1076 1079 1086 1126 1175 1184 1191 1242 1255 1272 1293 1305 1331 1352 1367 1369 1376 1390 1391 1405 1416 1420 1431 1513 1516 1520 1523 1539 1557 1559 1563 1589 1600 1612 1613 1622 1637 1639 1653 1659 1662 1663 1683 1689 1717 1721 1746 1750 1752 1765 1795 1799 1800 1816 1819 1827 1851 1867 1883 1888 
1721 107 925 946 967 1003 1004 1054 1059 1076 1079 1086 1112 1126 1184 1250 1255 1331 1340 1352 1367 1376 1390 1416 1420 1431 1480 1516 1539 1557 1589 1597 1600 1612 1613 1623 1644 1653 1659 1663 1683 1689 1707 1717 1724 1741 1746 1750 1752 1795 1799 1800 1816 1819 1827 1835 1867 1888 
1242 107 906 925 946 1003 1004 1054 1059 1075 1076 1079 1112 1126 1184 1250 1339 1340 1352 1367 1376 1390 1416 1431 1480 1516 1557 1559 1589 1597 1600 1612 1613 1622 1623 1644 1652 1653 1659 1683 1689 1717 1724 1746 1750 1752 1789 1795 1800 1816 1819 1827 1835 1867 1877 1888 
1004 107 925 946 1003 1059 1076 1079 1112 1184 1242 1250 1331 1339 1352 1367 1390 1391 1416 1420 1431 1435 1480 1516 1523 1539 1557 1559 1589 1597 1598 1600 1612 1622 1623 1644 1652 1653 1659 1662 1663 1683 1689 1707 1717 1721 1741 1746 1750 1752 1789 1795 1799 1800 1816 1819 1827 1835 1867 1877 1888 
1539 107 925 946 1003 1004 1059 1075 1076 1079 1086 1126 1184 1255 1331 1340 1352 1367 1376 1390 1391 1416 1431 1435 1488 1516 1540 1557 1559 1612 1622 1623 1639 1652 1653 1663 1683 1689 1721 1724 1746 1750 1752 1789 1795 1816 1819 1827 1835 1867 1877 
1340 107 925 1003 1059 1075 1076 1079 1112 1184 1242 1250 1293 1339 1376 1390 1416 1516 1539 1557 1597 1600 1612 1613 1622 1623 1644 1652 1653 1683 1717 1721 1746 1750 1789 1799 1800 1819 1827 1867 1877 1888 
1877 107 906 925 1003 1004 1059 1075 1076 1086 1184 1242 1250 1305 1340 1367 1390 1391 1416 1431 1435 1520 1523 1539 1540 1557 1597 1598 1600 1612 1618 1622 1652 1653 1659 1663 1683 1689 1717 1724 1737 1746 1789 1795 1799 1800 1819 1827 1867 1888 
1905 107 1050 1055 1266 1431 1441 1544 1564 1585 1779 1822 
1420 107 925 946 967 1003 1004 1059 1076 1112 1126 1175 1184 1250 1255 1272 1305 1331 1352 1367 1369 1376 1380 1390 1391 1431 1513 1516 1520 1523 1557 1559 1563 1589 1597 1612 1613 1614 1622 1637 1659 1663 1683 1689 1707 1717 1721 1746 1750 1752 1765 1795 1799 1800 1819 1827 1835 1867 1888 
1589 107 925 946 967 1003 1004 1059 1076 1079 1086 1126 1184 1191 1242 1250 1255 1272 1293 1305 1331 1339 1352 1367 1369 1376 1390 1391 1416 1420 1431 1516 1520 1557 1559 1563 1597 1598 1612 1613 1614 1622 1623 1637 1639 1662 1663 1683 1689 1707 1712 1717 1721 1737 1746 1750 1752 1765 1795 1799 1800 1816 1819 1827 1835 1867 1888 
1637 107 925 946 967 1003 1075 1076 1175 1255 1305 1352 1376 1405 1420 1513 1559 1563 1589 1612 1613 1639 1663 1746 1765 1779 1795 1835 1851 1888 
1639 107 925 1003 1175 1191 1255 1272 1352 1376 1391 1405 1480 1513 1520 1539 1559 1589 1598 1612 1613 1622 1637 1644 1662 1663 1683 1717 1746 1765 1779 1819 1835 1851 1888 
1737 107 906 925 946 1003 1054 1059 1075 1076 1079 1086 1112 1126 1184 1250 1255 1339 1352 1367 1376 1390 1431 1488 1516 1557 1589 1597 1600 1612 1613 1623 1652 1659 1683 1689 1707 1717 1724 1741 1746 1750 1752 1789 1799 1800 1816 1819 1827 1877 1888 
1585 107 1050 1055 1266 1272 1431 1434 1441 1544 1564 1779 1822 1905 
1352 107 906 925 946 967 1003 1004 1059 1075 1076 1079 1086 1126 1175 1184 1191 1242 1250 1255 1272 1293 1305 1331 1339 1367 1369 1376 1380 1390 1391 1416 1420 1431 1484 1488 1516 1520 1523 1539 1540 1557 1559 1563 1589 1597 1598 1600 1612 1613 1614 1622 1623 1637 1639 1644 1659 1662 1663 1683 1689 1707 1712 1717 1721 1724 1737 1741 1746 1750 1752 1765 1795 1799 1800 1809 1816 1819 1827 1835 1867 1888 
1597 107 925 946 1003 1004 1075 1076 1079 1184 1242 1250 1340 1352 1367 1376 1390 1391 1416 1420 1431 1435 1516 1520 1540 1557 1559 1589 1600 1612 1622 1623 1644 1652 1653 1659 1663 1683 1689 1707 1721 1737 1746 1750 1752 1795 1799 1800 1816 1819 1827 1867 1877 1888 
1867 107 906 925 946 967 1003 1004 1059 1075 1076 1079 1086 1112 1126 1175 1184 1242 1250 1331 1339 1340 1352 1367 1376 1390 1391 1420 1431 1435 1516 1523 1539 1540 1557 1589 1597 1598 1600 1612 1613 1614 1622 1623 1644 1652 1653 1659 1663 1683 1689 1717 1721 1724 1741 1746 1750 1752 1789 1795 1799 1800 1816 1819 1827 1835 1877 1888 
1641 107 1003 
1598 107 925 946 1003 1004 1059 1086 1126 1175 1184 1331 1339 1352 1380 1390 1391 1431 1480 1488 1516 1557 1559 1589 1600 1613 1622 1639 1652 1659 1662 1663 1707 1712 1717 1741 1746 1789 1795 1800 1809 1816 1843 1867 1877 1888 
1623 107 906 925 946 1003 1004 1059 1076 1079 1126 1184 1242 1250 1331 1339 1340 1352 1367 1376 1380 1390 1416 1431 1516 1539 1557 1589 1597 1600 1612 1613 1644 1652 1659 1662 1683 1689 1707 1717 1721 1737 1746 1750 1752 1795 1799 1800 1816 1819 1827 1867 1888 
1622 107 906 925 967 1003 1004 1059 1076 1079 1086 1126 1175 1184 1242 1250 1255 1272 1305 1331 1339 1340 1352 1367 1376 1380 1390 1391 1405 1416 1420 1431 1435 1513 1516 1520 1523 1539 1540 1557 1559 1563 1589 1597 1598 1600 1612 1613 1618 1639 1644 1652 1653 1659 1662 1663 1683 1689 1707 1712 1717 1724 1741 1746 1750 1752 1765 1789 1795 1799 1800 1819 1827 1835 1843 1851 1867 1877 1888 
967 107 925 946 1003 1054 1076 1112 1126 1175 1250 1255 1272 1293 1305 1352 1367 1369 1376 1390 1405 1420 1431 1441 1480 1484 1516 1520 1523 1557 1559 1563 1589 1614 1622 1637 1659 1663 1689 1717 1721 1752 1800 1827 1835 1843 1867 1888 
1184 107 906 925 946 1003 1004 1059 1075 1076 1079 1086 1112 1126 1242 1250 1255 1331 1339 1340 1352 1367 1376 1390 1391 1416 1420 1431 1435 1488 1516 1520 1523 1539 1557 1559 1563 1589 1597 1598 1600 1612 1613 1622 1623 1644 1652 1653 1659 1662 1663 1683 1689 1707 1717 1721 1724 1737 1746 1750 1752 1789 1795 1799 1800 1816 1819 1827 1835 1867 1877 1888 
1662 107 946 1003 1004 1059 1076 1079 1086 1126 1175 1184 1250 1255 1272 1293 1331 1352 1376 1380 1390 1391 1431 1480 1488 1516 1520 1557 1559 1563 1589 1598 1612 1613 1622 1623 1639 1652 1683 1689 1707 1712 1746 1750 1789 1799 1800 1809 1816 1827 1835 1888 
1746 107 906 925 946 1003 1004 1054 1059 1075 1076 1079 1086 1112 1126 1184 1242 1250 1255 1293 1305 1331 1339 1340 1352 1367 1376 1380 1390 1391 1416 1420 1431 1435 1488 1516 1520 1523 1539 1557 1559 1589 1597 1598 1600 1612 1613 1622 1623 1637 1639 1644 1652 1653 1659 1662 1663 1683 1689 1707 1712 1717 1721 1737 1741 1750 1752 1789 1795 1799 1800 1809 1816 1819 1827 1835 1867 1877 1888 
1516 107 925 946 967 1003 1004 1059 1076 1079 1086 1126 1184 1191 1242 1255 1272 1293 1305 1331 1340 1352 1367 1376 1380 1390 1391 1416 1420 1431 1488 1520 1539 1557 1559 1589 1597 1598 1600 1612 1613 1614 1622 1623 1653 1662 1663 1689 1707 1712 1717 1721 1737 1741 1746 1750 1752 1789 1799 1800 1816 1819 1827 1835 1867 1888 
1741 107 946 1003 1004 1076 1079 1086 1126 1175 1250 1331 1352 1367 1376 1380 1390 1431 1488 1516 1559 1598 1612 1622 1663 1707 1721 1737 1746 1800 1809 1816 1827 1867 1888 
1513 107 1003 1055 1075 1175 1255 1272 1305 1376 1405 1420 1480 1622 1637 1639 1765 1779 1835 1851 1883 
1161 107 1540 1618 1779 
1050 107 1055 1266 1441 1544 1564 1585 1779 1822 1905 
1816 107 906 946 1003 1004 1059 1075 1076 1079 1126 1184 1242 1250 1331 1339 1352 1367 1376 1380 1390 1391 1431 1480 1488 1516 1520 1539 1559 1589 1597 1598 1600 1612 1613 1623 1653 1662 1663 1689 1707 1712 1717 1721 1724 1737 1741 1746 1799 1800 1809 1827 1835 1867 1888 
1054 107 906 925 967 1003 1059 1075 1086 1242 1250 1293 1367 1376 1390 1416 1435 1540 1557 1600 1612 1613 1644 1659 1689 1707 1717 1721 1724 1737 1746 1752 1795 1800 1819 1827 
1055 107 1050 1266 1431 1434 1441 1513 1544 1564 1585 1779 1822 1905 
1618 107 925 1003 1161 1367 1390 1523 1540 1622 1717 1819 1827 1877 
1191 107 1003 1059 1126 1175 1331 1352 1376 1390 1431 1488 1516 1559 1563 1589 1613 1639 1663 1707 1800 1827 1835 1888 
1059 107 906 925 946 1003 1004 1054 1075 1076 1079 1086 1112 1126 1175 1184 1191 1242 1250 1255 1293 1339 1340 1352 1367 1376 1380 1390 1391 1416 1420 1431 1435 1488 1516 1520 1523 1539 1540 1544 1557 1559 1563 1589 1598 1600 1612 1613 1622 1623 1644 1652 1653 1659 1662 1663 1683 1689 1707 1712 1717 1721 1724 1737 1746 1750 1752 1765 1789 1795 1799 1800 1816 1819 1827 1835 1851 1867 1877 1888 
1614 107 925 946 967 1003 1075 1126 1175 1255 1305 1352 1391 1405 1420 1431 1480 1516 1557 1589 1612 1613 1689 1752 1765 1799 1800 1819 1851 1867 1888 
1612 107 925 946 1003 1004 1054 1059 1076 1079 1112 1126 1175 1184 1242 1250 1255 1272 1305 1331 1339 1340 1352 1367 1376 1390 1391 1405 1416 1420 1431 1480 1516 1520 1539 1557 1559 1563 1589 1597 1600 1613 1614 1622 1623 1637 1639 1652 1653 1662 1663 1683 1689 1707 1717 1721 1737 1741 1746 1750 1752 1765 1789 1795 1799 1800 1816 1819 1827 1835 1851 1867 1877 1888 
1819 107 925 946 1003 1004 1054 1059 1075 1076 1079 1112 1126 1175 1184 1242 1250 1255 1339 1340 1352 1367 1376 1390 1420 1431 1435 1516 1520 1523 1539 1540 1557 1589 1597 1600 1612 1614 1618 1622 1623 1639 1644 1652 1659 1663 1683 1689 1717 1721 1737 1746 1750 1752 1765 1789 1795 1799 1800 1827 1835 1867 1877 1888 
1112 107 925 946 967 1003 1004 1059 1075 1086 1184 1242 1250 1255 1340 1367 1390 1416 1420 1600 1612 1644 1653 1683 1721 1724 1737 1746 1750 1752 1789 1799 1800 1819 1827 1867 1888 
1441 107 967 1050 1055 1266 1431 1434 1544 1564 1585 1779 1822 1905 
1293 107 967 1003 1054 1059 1250 1305 1331 1339 1340 1352 1367 1376 1488 1516 1557 1589 1613 1653 1662 1689 1707 1746 1800 1835 1888 
1563 107 925 946 967 1003 1059 1076 1086 1126 1184 1191 1255 1272 1305 1339 1352 1369 1376 1420 1520 1559 1589 1612 1613 1622 1637 1662 1663 1683 1689 1707 1717 1752 1795 1799 1800 1827 1835 
1564 107 1050 1055 1266 1431 1434 1441 1544 1585 1779 1822 1905 
1752 107 925 946 967 1003 1004 1054 1059 1075 1076 1079 1112 1126 1184 1242 1250 1255 1339 1352 1367 1376 1390 1416 1420 1431 1480 1488 1516 1520 1539 1557 1559 1563 1589 1597 1600 1612 1613 1614 1622 1623 1644 1659 1663 1683 1689 1707 1717 1721 1724 1737 1746 1750 1795 1799 1800 1819 1827 1835 1867 1888 
1750 107 925 946 1003 1004 1059 1076 1079 1086 1112 1184 1242 1250 1255 1339 1340 1352 1367 1376 1390 1391 1416 1420 1431 1516 1520 1523 1539 1557 1559 1589 1597 1600 1612 1622 1623 1644 1659 1662 1663 1683 1689 1707 1717 1721 1737 1746 1752 1789 1795 1799 1800 1819 1827 1835 1867 1888 
1175 107 906 925 967 1003 1059 1075 1076 1086 1126 1191 1255 1272 1305 1331 1352 1376 1380 1390 1391 1405 1416 1420 1431 1480 1484 1513 1540 1557 1559 1598 1600 1612 1614 1622 1637 1639 1644 1652 1662 1663 1707 1717 1724 1741 1765 1789 1800 1809 1819 1827 1835 1851 1867 1888 
1272 107 946 967 1003 1126 1175 1255 1305 1352 1367 1369 1376 1391 1405 1420 1431 1488 1513 1516 1520 1559 1563 1585 1589 1612 1613 1622 1639 1644 1662 1765 1799 1800 1835 1888 
1888 107 906 925 946 967 1003 1004 1059 1075 1076 1079 1086 1112 1126 1175 1184 1191 1242 1250 1255 1272 1293 1305 1331 1339 1340 1352 1367 1376 1380 1390 1391 1416 1420 1431 1480 1484 1488 1516 1520 1557 1559 1589 1597 1598 1600 1612 1613 1614 1622 1623 1637 1639 1652 1653 1659 1662 1663 1683 1689 1707 1712 1717 1721 1737 1741 1746 1750 1752 1789 1799 1800 1809 1816 1819 1827 1835 1867 1877 
1883 107 1405 1513 1765 1779 1835 
1800 107 906 925 946 967 1003 1004 1054 1059 1075 1076 1079 1086 1112 1126 1175 1184 1191 1242 1250 1255 1272 1293 1305 1331 1339 1340 1352 1367 1376 1380 1390 1391 1416 1420 1431 1435 1480 1484 1488 1516 1520 1523 1540 1557 1559 1563 1589 1597 1598 1600 1612 1613 1614 1622 1623 1644 1652 1653 1659 1662 1663 1683 1689 1707 1712 1717 1721 1724 1737 1741 1746 1750 1752 1789 1795 1799 1809 1816 1819 1827 1835 1843 1867 1877 1888 
946 107 925 967 1003 1004 1059 1076 1079 1086 1112 1126 1184 1242 1250 1255 1272 1305 1331 1339 1352 1367 1369 1376 1390 1391 1405 1416 1420 1431 1480 1488 1516 1539 1557 1559 1563 1589 1597 1598 1612 1614 1623 1637 1653 1662 1663 1683 1689 1707 1712 1717 1721 1737 1741 1746 1750 1752 1799 1800 1816 1819 1827 1835 1867 1888 
1600 107 906 925 1003 1004 1054 1059 1075 1076 1079 1086 1112 1175 1184 1242 1250 1255 1339 1340 1352 1367 1376 1380 1390 1391 1416 1431 1435 1480 1516 1520 1523 1540 1557 1597 1598 1612 1622 1623 1652 1653 1659 1663 1683 1689 1717 1721 1724 1737 1746 1750 1752 1789 1795 1800 1816 1819 1827 1835 1867 1877 1888 
1809 107 1003 1086 1126 1175 1331 1352 1367 1380 1390 1391 1431 1480 1488 1559 1598 1613 1652 1662 1663 1689 1707 1712 1741 1746 1800 1816 1888 
1367 107 906 925 946 967 1003 1004 1054 1059 1075 1076 1079 1086 1112 1126 1184 1242 1250 1255 1272 1293 1305 1331 1339 1352 1376 1380 1390 1391 1416 1420 1431 1488 1516 1520 1539 1557 1589 1597 1600 1612 1613 1618 1622 1623 1644 1652 1653 1659 1663 1683 1689 1707 1717 1721 1724 1737 1741 1746 1750 1752 1789 1799 1800 1809 1816 1819 1827 1835 1851 1867 1877 1888 
1683 107 925 946 1003 1004 1059 1076 1079 1112 1126 1184 1242 1250 1255 1305 1339 1340 1352 1367 1376 1390 1391 1416 1420 1431 1435 1520 1523 1539 1540 1557 1559 1563 1589 1597 1600 1612 1613 1622 1623 1639 1644 1652 1653 1659 1662 1663 1689 1707 1717 1721 1724 1737 1746 1750 1752 1789 1795 1799 1800 1819 1827 1835 1867 1877 1888 
1689 107 906 925 946 967 1003 1004 1054 1059 1076 1079 1086 1126 1184 1242 1250 1293 1339 1352 1367 1376 1380 1390 1391 1420 1431 1488 1516 1520 1523 1539 1540 1557 1559 1563 1589 1597 1600 1612 1613 1614 1622 1623 1644 1652 1659 1662 1663 1683 1707 1717 1721 1724 1737 1746 1750 1752 1789 1795 1799 1800 1809 1816 1819 1827 1835 1867 1877 1888 
1765 107 1003 1059 1075 1126 1175 1250 1255 1272 1352 1376 1405 1420 1480 1513 1520 1589 1612 1613 1614 1622 1637 1639 1644 1779 1819 1835 1851 1883 
1369 107 946 967 1255 1272 1352 1405 1420 1523 1559 1563 1589 1644 1663 1779 1835 1851 
