3837 3437 3465 3476 3519 3571 3579 3612 3675 3701 3708 3757 3759 3774 3836 3918 3957 3975 
3612 3437 3464 3534 3561 3600 3673 3758 3759 3764 3810 3825 3836 3837 3869 3893 3895 3937 3941 3945 
3836 3437 3465 3476 3519 3571 3579 3612 3675 3701 3708 3757 3759 3774 3837 3893 3918 3957 3975 
3759 3437 3465 3476 3519 3571 3579 3612 3675 3701 3708 3757 3774 3836 3837 3918 3957 3975 
3758 3437 3534 3612 3764 3810 3825 3937 3945 
3869 3437 3612 
3774 3437 3465 3476 3519 3571 3579 3675 3701 3708 3757 3759 3836 3837 3918 3957 3975 
3941 3437 3612 3893 
3757 3437 3465 3476 3519 3571 3579 3675 3701 3708 3759 3774 3836 3837 3918 3957 3975 
3534 3437 3612 3758 3810 3825 3937 
3673 3437 3612 
3675 3437 3465 3476 3519 3571 3579 3708 3757 3759 3774 3836 3837 3957 
3476 3437 3465 3519 3579 3675 3701 3708 3757 3759 3774 3836 3837 3957 3975 
3579 3437 3465 3476 3519 3571 3675 3701 3708 3757 3759 3774 3836 3837 3918 3957 3975 
3571 3437 3465 3519 3579 3675 3701 3708 3757 3759 3774 3836 3837 3918 3957 3975 
3437 3464 3465 3476 3519 3534 3561 3571 3579 3600 3612 3673 3675 3701 3708 3757 3758 3759 3764 3774 3810 3825 3836 3837 3869 3893 3895 3918 3937 3941 3945 3957 3975 
3945 3437 3464 3561 3612 3758 3937 
3975 3437 3465 3476 3519 3571 3579 3701 3708 3757 3759 3774 3836 3837 3918 3957 
3893 3437 3612 3825 3836 3941 
3895 3437 3464 3612 3764 
3600 3437 3612 3825 
3764 3437 3464 3612 3758 3810 3825 3895 
3937 3437 3534 3612 3758 3945 
3957 3437 3465 3476 3519 3571 3579 3675 3701 3708 3757 3759 3774 3836 3837 3918 3975 
3519 3437 3465 3476 3571 3579 3675 3701 3708 3757 3759 3774 3836 3837 3918 3957 3975 
3918 3437 3465 3519 3571 3579 3708 3757 3759 3774 3836 3837 3957 3975 
3708 3437 3465 3476 3519 3571 3579 3675 3757 3759 3774 3836 3837 3918 3957 3975 
3464 3437 3612 3764 3895 3945 
3701 3437 3465 3476 3519 3571 3579 3757 3759 3774 3836 3837 3957 3975 
3465 3437 3476 3519 3571 3579 3675 3701 3708 3757 3759 3774 3836 3837 3918 3957 3975 
3561 3437 3612 3825 3945 
3825 3437 3534 3561 3600 3612 3758 3764 3893 
3810 3437 3534 3612 3758 3764 
