3409 1505 1684 2768 2784 2813 2914 2979 3082 3136 3150 3151 3185 3219 3254 3329 3406 
3151 1684 2665 2768 2781 2863 3005 3150 3214 3312 3326 3327 3406 3409 3431 
1684 1505 2665 2768 2781 2784 2813 2863 2914 2979 3005 3082 3136 3150 3151 3185 3214 3219 3254 3312 3326 3327 3329 3406 3409 3431 
2863 1684 2781 3082 3150 3151 3185 3214 
3005 1505 1684 2781 3136 3150 3151 3185 3214 3254 
3326 1684 2665 2781 3151 3214 3327 
3327 1684 2665 2781 3136 3151 3214 3326 
3329 1684 2784 3150 3409 3431 
3214 1684 2665 2781 2784 2813 2863 2914 3005 3136 3151 3219 3312 3326 3327 
2784 1684 2813 2979 3136 3150 3214 3219 3329 3409 
2781 1684 2665 2863 3005 3082 3136 3150 3151 3214 3326 3327 
3431 1684 3151 3329 
3254 1684 3005 3409 
3219 1684 2784 3136 3214 3409 
3185 1684 2863 3005 3082 3150 3409 
2665 1684 2781 2914 3082 3136 3151 3214 3326 3327 3406 
1505 1684 3005 3409 
3082 1684 2665 2781 2863 3150 3185 3406 3409 
2768 1684 2813 3151 3409 
2914 1684 2665 3136 3150 3214 3409 
2813 1684 2768 2784 2979 3136 3214 3409 
3136 1684 2665 2781 2784 2813 2914 3005 3214 3219 3327 3409 
3406 1684 2665 3082 3150 3151 3409 
3312 1684 3151 3214 
2979 1684 2784 2813 3409 
3150 1684 2781 2784 2863 2914 3005 3082 3151 3185 3329 3406 3409 
