2268 136 1465 1577 1718 1912 1926 1928 1945 1954 1955 1959 1964 1972 1973 1976 1987 1995 2002 2004 2007 2009 2018 2022 2024 2026 2027 2032 2038 2039 2042 2047 2057 2068 2071 2072 2087 2102 2111 2116 2117 2127 2128 2133 2134 2135 2144 2149 2153 2157 2171 2174 2180 2187 2189 2196 2203 2215 2223 2224 2232 2241 2246 2249 2250 2254 2259 2267 2279 2283 2285 2289 2292 2302 2319 2327 2330 2336 2364 2372 2378 2384 2385 2394 2398 2406 2417 2419 2436 2445 2447 2451 2458 2459 2463 2471 2491 2498 2502 2508 2510 2511 2512 2516 2530 2533 2538 2543 2544 2547 2555 2567 2571 2582 2583 2588 2589 2592 2594 2597 2598 2608 2616 2617 2629 2635 2640 2642 2645 2649 2660 
2018 136 1912 1914 1927 1928 1951 1957 1968 1972 1973 1976 1980 1991 1995 1998 1999 2000 2001 2004 2006 2009 2012 2013 2016 2022 2024 2027 2050 2116 2157 2159 2171 2192 2268 2284 2297 2337 2346 2364 2365 2378 2417 2435 2447 2459 2472 2494 2538 2571 2636 2640 2645 2647 2648 2657 
1912 136 1465 1577 1718 1914 1926 1927 1928 1945 1951 1954 1955 1957 1959 1964 1968 1972 1973 1976 1980 1987 1991 1995 1998 1999 2000 2001 2002 2004 2006 2007 2009 2012 2013 2016 2018 2022 2024 2026 2027 2032 2038 2039 2042 2047 2050 2057 2068 2071 2072 2087 2102 2111 2116 2117 2127 2128 2133 2134 2135 2144 2149 2153 2157 2159 2171 2174 2180 2187 2189 2192 2196 2203 2215 2223 2224 2232 2241 2246 2249 2250 2254 2259 2267 2268 2279 2283 2284 2285 2289 2292 2297 2302 2319 2327 2330 2336 2337 2346 2364 2365 2372 2378 2384 2385 2394 2398 2406 2417 2419 2435 2436 2445 2447 2451 2458 2459 2463 2471 2472 2491 2494 2498 2502 2508 2510 2511 2512 2516 2530 2533 2538 2543 2544 2547 2555 2567 2571 2582 2583 2588 2589 2592 2594 2597 2598 2608 2616 2617 2629 2635 2636 2640 2642 2645 2647 2648 2649 2657 2660 
2594 1577 1912 1926 1945 1954 1955 2026 2032 2038 2047 2072 2087 2111 2117 2127 2128 2133 2144 2153 2174 2189 2223 2232 2241 2254 2259 2268 2283 2289 2319 2372 2394 2398 2417 2451 2458 2471 2491 2508 2510 2511 2516 2543 2555 2571 2589 2598 2617 2649 
1718 136 1465 1577 1912 1926 1945 1954 1955 2007 2032 2038 2042 2068 2071 2072 2087 2102 2111 2117 2127 2133 2144 2149 2153 2174 2180 2187 2189 2196 2203 2223 2224 2241 2246 2250 2254 2267 2268 2283 2289 2292 2319 2330 2336 2394 2419 2436 2451 2463 2471 2491 2498 2508 2510 2511 2512 2543 2547 2555 2582 2588 2589 2598 2616 2617 2629 2642 2649 
2657 1912 1914 1927 1951 1957 1968 1972 1973 1980 1991 1995 1998 2001 2004 2006 2009 2016 2018 2022 2027 2159 2171 2192 2284 2346 2364 2365 2447 2583 2636 2640 2645 2647 2648 2660 
136 1718 1912 1926 1945 1951 1955 1972 1973 1976 1991 1995 1998 2001 2004 2007 2009 2018 2024 2027 2032 2038 2039 2042 2068 2071 2072 2102 2111 2116 2117 2127 2128 2133 2135 2153 2157 2171 2174 2180 2187 2189 2203 2223 2224 2250 2254 2267 2268 2279 2283 2284 2289 2292 2302 2319 2327 2336 2337 2364 2378 2384 2398 2417 2436 2445 2447 2451 2458 2459 2463 2471 2472 2491 2494 2498 2502 2508 2510 2511 2533 2538 2543 2547 2571 2583 2589 2598 2617 2629 2635 2636 2640 2647 2649 2660 
2297 1912 1927 1951 1954 1972 1973 1980 1999 2006 2009 2013 2018 2022 2050 2159 2171 2192 2337 2364 2365 2378 2435 2447 2494 2538 2640 2647 
2327 136 1465 1577 1912 1926 1945 1954 1955 2002 2026 2032 2038 2047 2072 2087 2102 2111 2117 2127 2153 2174 2180 2187 2189 2223 2224 2232 2254 2259 2268 2279 2283 2289 2372 2384 2394 2398 2417 2419 2436 2451 2458 2463 2471 2491 2508 2510 2511 2516 2533 2543 2547 2555 2567 2589 2592 2597 2598 2617 2629 2649 
1945 136 1465 1577 1718 1912 1926 1954 1955 1959 2002 2007 2032 2038 2039 2047 2068 2071 2072 2087 2102 2111 2117 2127 2133 2135 2144 2149 2153 2174 2187 2189 2196 2203 2223 2224 2232 2241 2246 2250 2254 2259 2268 2283 2289 2292 2302 2319 2327 2330 2336 2384 2394 2398 2417 2419 2436 2445 2451 2458 2463 2471 2472 2491 2498 2508 2510 2511 2512 2516 2533 2543 2555 2567 2571 2582 2588 2589 2592 2594 2597 2598 2608 2616 2617 2629 2635 2642 2649 
2406 1912 1926 1964 2038 2047 2133 2268 2289 
2157 136 1912 1927 1928 1951 1976 1991 1995 1998 2000 2001 2004 2009 2012 2018 2022 2024 2027 2050 2116 2171 2192 2268 2337 2364 2365 2378 2417 2447 2459 2538 2583 2636 2640 2645 2648 
2153 136 1465 1577 1718 1912 1926 1945 1954 1959 2002 2007 2026 2032 2039 2042 2047 2068 2071 2072 2087 2102 2111 2117 2127 2128 2133 2134 2135 2144 2149 2174 2180 2187 2196 2203 2215 2223 2224 2241 2246 2250 2254 2267 2268 2279 2283 2289 2292 2302 2319 2327 2336 2372 2384 2385 2398 2419 2451 2463 2471 2472 2491 2498 2508 2510 2511 2533 2543 2547 2555 2567 2582 2588 2592 2594 2597 2598 2608 2616 2617 2629 2642 
1465 1577 1718 1912 1945 1959 2007 2032 2042 2047 2068 2087 2102 2111 2117 2128 2134 2135 2149 2153 2180 2187 2196 2203 2223 2250 2267 2268 2279 2283 2285 2289 2292 2302 2319 2327 2336 2372 2384 2385 2398 2458 2491 2508 2510 2512 2516 2530 2533 2543 2547 2555 2567 2592 2597 2598 2608 2629 2642 2649 
2246 1577 1718 1912 1926 1945 2002 2032 2047 2071 2087 2102 2111 2117 2127 2128 2133 2149 2153 2174 2180 2187 2196 2203 2224 2241 2268 2283 2289 2302 2384 2419 2463 2471 2491 2498 2510 2511 2512 2543 2555 2567 2582 2588 2592 2598 2616 2617 2629 2642 
2016 1912 1973 1995 1998 2004 2018 2022 2024 2116 2284 2364 2447 2494 2645 2657 
2241 1577 1718 1912 1926 1945 1954 2002 2007 2032 2038 2039 2047 2068 2071 2072 2087 2102 2111 2117 2127 2133 2134 2135 2144 2149 2153 2174 2180 2187 2189 2196 2203 2224 2232 2246 2250 2254 2268 2279 2283 2285 2289 2292 2302 2319 2336 2384 2398 2417 2419 2436 2445 2451 2463 2471 2498 2508 2512 2516 2533 2543 2555 2567 2582 2588 2589 2592 2594 2598 2608 2616 2617 2629 2649 
2013 1912 1928 1972 1976 2009 2018 2297 2459 
2012 1912 1972 1976 1980 1995 1999 2001 2018 2116 2157 2171 2364 2365 2378 2494 
2174 136 1577 1718 1912 1926 1945 1954 1955 1959 1964 1987 2007 2032 2038 2047 2068 2071 2072 2087 2102 2111 2117 2127 2133 2135 2144 2149 2153 2180 2187 2189 2203 2223 2224 2241 2246 2249 2250 2254 2267 2268 2279 2283 2285 2289 2292 2319 2327 2330 2336 2372 2384 2398 2419 2436 2445 2451 2458 2463 2471 2491 2498 2508 2510 2511 2512 2547 2582 2588 2589 2594 2598 2608 2616 2617 2649 
2463 136 1577 1718 1912 1926 1945 1954 1955 2002 2007 2032 2038 2039 2042 2068 2071 2072 2087 2102 2111 2117 2127 2128 2133 2134 2135 2144 2149 2153 2174 2187 2189 2196 2203 2223 2224 2241 2246 2250 2254 2267 2268 2279 2283 2289 2292 2302 2319 2327 2330 2336 2372 2384 2398 2419 2436 2445 2451 2471 2491 2498 2508 2510 2511 2512 2516 2533 2543 2544 2547 2567 2582 2588 2589 2592 2598 2616 2617 2629 2642 2649 
2451 136 1577 1718 1912 1926 1945 1955 1959 2007 2026 2032 2038 2068 2071 2072 2087 2102 2111 2127 2133 2134 2144 2153 2174 2180 2187 2189 2223 2224 2241 2254 2259 2268 2279 2283 2289 2292 2319 2327 2330 2336 2384 2394 2398 2436 2445 2458 2463 2471 2491 2508 2510 2511 2512 2533 2543 2589 2592 2594 2597 2598 2608 2617 2649 
1955 136 1718 1912 1926 1945 1959 2007 2026 2032 2038 2039 2068 2071 2072 2087 2111 2117 2127 2133 2144 2174 2180 2187 2189 2203 2223 2224 2250 2254 2268 2279 2283 2289 2302 2319 2327 2330 2336 2384 2394 2398 2419 2436 2445 2451 2458 2463 2491 2508 2510 2511 2533 2547 2555 2589 2592 2594 2598 2608 2616 2617 2629 2649 
1954 1577 1718 1912 1926 1927 1945 1951 1968 1972 1973 1999 2009 2024 2032 2068 2072 2087 2102 2111 2116 2117 2128 2133 2149 2153 2174 2180 2187 2196 2203 2224 2241 2250 2268 2289 2292 2297 2327 2336 2365 2463 2471 2472 2491 2498 2508 2538 2555 2571 2582 2588 2594 2598 2629 2640 2649 
1957 1912 1927 1951 1968 1972 1973 1980 1991 1995 1998 2001 2006 2018 2116 2159 2171 2284 2364 2365 2378 2435 2636 2640 2648 2657 
1951 136 1912 1914 1927 1928 1954 1957 1968 1972 1973 1976 1980 1991 1995 1998 1999 2000 2001 2004 2006 2009 2018 2022 2024 2027 2050 2116 2157 2159 2171 2192 2284 2297 2364 2378 2435 2447 2459 2494 2538 2583 2636 2640 2645 2647 2648 2657 2660 
1959 1465 1577 1912 1926 1945 1955 1987 2002 2007 2026 2032 2039 2042 2047 2057 2068 2071 2072 2087 2102 2111 2117 2133 2134 2135 2149 2153 2174 2187 2196 2203 2215 2223 2232 2250 2254 2268 2279 2283 2285 2289 2292 2302 2319 2336 2372 2384 2385 2394 2436 2445 2451 2471 2498 2508 2510 2511 2533 2543 2555 2567 2592 2597 2598 
2498 136 1577 1718 1912 1926 1945 1954 1959 1964 2002 2007 2026 2032 2038 2039 2047 2068 2071 2087 2102 2111 2127 2133 2149 2153 2174 2180 2187 2196 2203 2223 2224 2241 2246 2250 2254 2268 2289 2292 2319 2336 2384 2419 2436 2463 2471 2512 2567 2582 2588 2592 2598 2616 2649 
2555 1465 1577 1718 1912 1926 1945 1954 1955 1959 2002 2007 2026 2032 2038 2039 2042 2047 2068 2071 2072 2087 2102 2111 2117 2127 2128 2133 2134 2135 2144 2149 2153 2180 2187 2189 2196 2223 2224 2241 2246 2250 2267 2268 2279 2283 2285 2289 2292 2302 2327 2336 2372 2384 2398 2458 2471 2472 2491 2508 2510 2511 2516 2533 2543 2547 2567 2582 2589 2592 2594 2597 2598 2608 2617 2629 2642 2649 
2319 136 1465 1577 1718 1912 1926 1945 1955 1959 1973 2002 2007 2026 2032 2038 2039 2047 2068 2071 2072 2087 2111 2117 2127 2133 2134 2135 2144 2149 2153 2174 2187 2189 2196 2203 2223 2224 2241 2250 2254 2268 2279 2283 2289 2292 2302 2330 2336 2372 2384 2394 2398 2419 2436 2445 2451 2458 2463 2471 2491 2498 2508 2510 2511 2512 2516 2533 2543 2567 2589 2592 2594 2597 2598 2616 2617 2629 2649 
2491 136 1465 1577 1718 1912 1926 1945 1954 1955 2007 2032 2038 2042 2047 2057 2068 2071 2072 2087 2102 2111 2117 2127 2128 2133 2144 2149 2153 2174 2180 2187 2189 2196 2203 2223 2224 2232 2246 2249 2250 2254 2259 2268 2279 2283 2289 2292 2302 2319 2327 2330 2336 2372 2384 2394 2398 2417 2419 2436 2445 2451 2458 2463 2471 2508 2510 2511 2543 2555 2588 2589 2592 2594 2597 2598 2608 2616 2617 2629 2635 2649 
2494 136 1912 1914 1951 1972 1973 1991 1995 1998 2000 2001 2004 2006 2012 2016 2018 2024 2050 2171 2284 2297 2337 2364 2378 2435 2538 2583 2645 2647 2648 2660 
2068 136 1465 1577 1718 1912 1926 1945 1954 1955 1959 2002 2026 2032 2038 2039 2042 2047 2057 2071 2072 2087 2102 2111 2117 2127 2128 2133 2134 2135 2144 2149 2153 2174 2180 2187 2189 2196 2203 2215 2223 2224 2232 2241 2249 2254 2259 2268 2279 2283 2289 2302 2319 2330 2372 2384 2385 2394 2398 2417 2419 2436 2445 2451 2458 2463 2471 2472 2491 2498 2508 2510 2511 2512 2533 2543 2555 2567 2571 2582 2588 2589 2592 2597 2598 2616 2617 2629 2649 
2394 1577 1718 1912 1926 1945 1955 1959 2007 2026 2032 2039 2068 2072 2111 2117 2127 2133 2187 2189 2223 2232 2259 2267 2268 2279 2283 2319 2327 2336 2384 2417 2445 2451 2458 2471 2491 2508 2510 2511 2543 2547 2571 2589 2592 2594 2597 2598 2608 2617 2649 
2144 1577 1718 1912 1945 1955 2007 2032 2038 2039 2047 2068 2071 2072 2087 2111 2117 2127 2133 2153 2174 2187 2189 2196 2223 2224 2241 2254 2268 2283 2289 2292 2319 2330 2336 2384 2398 2436 2445 2451 2463 2471 2472 2491 2510 2511 2543 2555 2589 2592 2594 2598 2616 2617 2642 2649 
2259 1912 1926 1945 2007 2032 2038 2047 2068 2087 2102 2111 2215 2223 2232 2268 2327 2336 2372 2384 2394 2398 2417 2445 2451 2471 2491 2508 2543 2592 2594 2598 2608 2635 2649 
2419 1577 1718 1912 1926 1945 1955 1964 1987 2002 2007 2032 2038 2047 2068 2102 2111 2117 2127 2133 2149 2153 2174 2187 2189 2196 2224 2241 2246 2250 2254 2268 2289 2292 2319 2327 2336 2398 2436 2445 2463 2471 2491 2498 2510 2511 2512 2516 2582 2588 2589 2598 2608 2616 2617 2629 2642 2649 
2254 136 1718 1912 1926 1945 1955 1959 1987 2007 2032 2038 2039 2042 2047 2057 2068 2071 2072 2087 2102 2111 2117 2127 2133 2134 2144 2149 2153 2174 2180 2187 2189 2215 2223 2224 2241 2267 2268 2279 2285 2289 2319 2327 2330 2336 2372 2385 2398 2419 2436 2445 2451 2458 2463 2471 2491 2498 2508 2510 2511 2512 2547 2589 2594 2598 2608 2616 2617 2649 
2149 1465 1577 1718 1912 1926 1945 1954 1959 1964 2002 2007 2032 2038 2039 2042 2047 2057 2068 2071 2087 2102 2111 2117 2127 2133 2134 2153 2174 2187 2189 2196 2203 2215 2223 2224 2241 2246 2250 2254 2268 2279 2283 2289 2292 2302 2319 2330 2336 2372 2384 2385 2398 2419 2436 2445 2463 2471 2491 2498 2508 2510 2512 2516 2533 2543 2547 2555 2582 2588 2592 2598 2608 2616 2617 2629 2642 2649 
2250 136 1465 1577 1718 1912 1945 1954 1955 1959 2002 2026 2038 2039 2042 2047 2071 2087 2102 2111 2117 2127 2128 2133 2149 2153 2174 2180 2187 2189 2203 2223 2224 2241 2249 2268 2279 2289 2302 2319 2372 2384 2398 2419 2436 2445 2463 2471 2491 2498 2502 2508 2511 2512 2516 2533 2543 2555 2567 2582 2588 2597 2598 2616 2617 2629 2642 2649 
2472 136 1577 1912 1926 1945 1954 1968 1972 1976 2000 2001 2007 2009 2018 2022 2032 2047 2068 2071 2087 2111 2117 2135 2144 2153 2180 2187 2189 2192 2196 2267 2279 2283 2285 2292 2302 2336 2384 2533 2543 2555 2567 2571 2592 2597 2598 2629 2642 
2471 136 1577 1718 1912 1926 1945 1954 1959 2002 2007 2032 2038 2039 2047 2068 2071 2072 2087 2102 2111 2117 2127 2133 2134 2144 2149 2153 2174 2187 2189 2196 2203 2223 2224 2232 2241 2246 2250 2254 2259 2268 2279 2283 2289 2292 2302 2319 2327 2336 2372 2384 2394 2398 2417 2419 2436 2445 2451 2463 2491 2498 2508 2510 2511 2512 2516 2533 2543 2555 2567 2582 2588 2589 2592 2594 2598 2608 2616 2617 2629 2642 2649 
1926 136 1718 1912 1945 1954 1955 1959 1964 2002 2007 2026 2032 2038 2039 2047 2068 2071 2072 2087 2102 2111 2127 2133 2134 2149 2153 2174 2187 2189 2223 2224 2232 2241 2246 2254 2259 2267 2268 2279 2283 2285 2289 2292 2302 2319 2327 2336 2384 2394 2398 2406 2417 2419 2451 2458 2463 2471 2472 2491 2498 2508 2510 2511 2543 2547 2555 2567 2589 2594 2597 2598 2608 2617 2642 2649 
1927 1912 1914 1928 1951 1954 1957 1972 1973 1980 1991 1995 1999 2000 2001 2004 2006 2018 2022 2024 2027 2157 2159 2171 2192 2284 2297 2337 2346 2364 2365 2378 2435 2447 2459 2538 2583 2640 2647 2648 2657 2660 
1928 1912 1927 1951 1972 1973 1976 1995 1998 2009 2013 2018 2027 2157 2171 2268 2284 2378 2417 2447 2459 2538 2640 
2543 136 1465 1577 1718 1912 1926 1945 1959 2007 2026 2032 2038 2039 2042 2047 2068 2071 2087 2102 2111 2117 2127 2128 2133 2134 2135 2144 2149 2153 2180 2187 2189 2196 2215 2223 2224 2232 2241 2246 2250 2259 2268 2279 2283 2285 2289 2292 2302 2319 2327 2336 2372 2384 2385 2394 2398 2417 2436 2451 2458 2463 2471 2472 2491 2502 2508 2510 2511 2512 2516 2533 2544 2555 2567 2582 2588 2592 2594 2597 2598 2608 2629 2642 2649 
2547 136 1465 1577 1718 1912 1926 1955 2007 2026 2071 2087 2102 2111 2149 2153 2174 2180 2203 2215 2224 2232 2254 2267 2268 2285 2302 2327 2336 2372 2394 2398 2458 2463 2510 2555 2597 2617 
2544 1577 1912 2042 2117 2128 2135 2203 2268 2292 2302 2384 2436 2463 2502 2512 2516 2533 2543 2629 
2302 136 1465 1577 1912 1926 1945 1955 1959 1964 1972 2007 2032 2038 2039 2042 2047 2057 2068 2071 2087 2102 2111 2117 2127 2128 2133 2134 2135 2149 2153 2180 2187 2196 2203 2215 2224 2241 2246 2250 2267 2268 2279 2283 2285 2289 2292 2319 2330 2336 2372 2384 2385 2436 2463 2471 2472 2491 2502 2510 2511 2512 2530 2533 2543 2544 2547 2555 2567 2592 2597 2598 2629 2642 
2171 136 1912 1914 1927 1928 1951 1957 1968 1972 1973 1976 1980 1991 1995 1998 1999 2000 2001 2004 2006 2012 2018 2022 2024 2027 2050 2116 2157 2159 2192 2268 2284 2297 2337 2346 2364 2365 2378 2417 2435 2447 2459 2494 2538 2583 2636 2640 2645 2647 2648 2657 2660 
2385 1465 1577 1912 1959 1987 2039 2042 2047 2057 2068 2087 2102 2111 2117 2134 2149 2153 2180 2215 2223 2254 2267 2268 2279 2283 2292 2302 2336 2372 2384 2398 2445 2530 2543 2592 2608 2629 
2384 136 1465 1577 1912 1926 1945 1955 1959 1964 1973 1976 2007 2026 2032 2038 2039 2042 2047 2057 2068 2071 2072 2087 2102 2111 2117 2127 2128 2133 2134 2135 2144 2149 2153 2174 2180 2187 2189 2196 2203 2215 2223 2224 2232 2241 2246 2250 2259 2267 2268 2279 2283 2289 2292 2302 2319 2327 2330 2336 2372 2385 2394 2398 2417 2436 2445 2451 2458 2463 2471 2472 2491 2498 2502 2508 2510 2511 2512 2516 2530 2533 2543 2544 2555 2567 2582 2588 2589 2592 2597 2598 2608 2616 2617 2629 2642 2649 
2660 136 1912 1914 1927 1951 1972 1973 1991 1995 1998 2001 2004 2006 2009 2022 2024 2116 2171 2268 2284 2364 2447 2494 2640 2645 2648 2657 
2072 136 1577 1718 1912 1926 1945 1954 1955 1959 2007 2026 2032 2038 2039 2047 2068 2071 2111 2117 2127 2133 2135 2144 2153 2174 2180 2187 2189 2203 2223 2224 2232 2241 2254 2268 2279 2283 2289 2292 2319 2327 2336 2384 2394 2398 2417 2436 2445 2451 2458 2463 2471 2491 2508 2510 2511 2516 2533 2555 2589 2592 2594 2597 2598 2608 2617 2629 2649 
2071 136 1577 1718 1912 1926 1945 1955 1959 2007 2032 2039 2047 2068 2072 2087 2102 2111 2117 2127 2133 2134 2135 2144 2149 2153 2174 2180 2187 2189 2196 2223 2224 2241 2246 2250 2254 2267 2268 2279 2283 2285 2289 2292 2302 2319 2330 2336 2372 2384 2398 2436 2451 2458 2463 2471 2472 2491 2498 2510 2511 2512 2516 2533 2543 2547 2555 2567 2588 2589 2592 2597 2598 2629 2642 2649 
2267 136 1465 1577 1718 1912 1926 2002 2007 2026 2038 2039 2047 2071 2087 2102 2111 2128 2133 2135 2153 2174 2180 2187 2203 2215 2224 2232 2254 2268 2283 2285 2292 2302 2336 2384 2385 2394 2458 2463 2472 2502 2510 2511 2547 2555 2567 2589 2592 2617 2642 
2289 136 1465 1577 1718 1912 1926 1945 1954 1955 1959 1964 1987 2007 2026 2032 2038 2039 2047 2068 2071 2072 2087 2102 2111 2127 2133 2134 2144 2149 2153 2174 2180 2187 2189 2196 2203 2223 2224 2232 2241 2246 2250 2254 2268 2283 2292 2302 2319 2327 2330 2336 2372 2384 2398 2406 2417 2419 2436 2445 2451 2463 2471 2491 2498 2508 2510 2511 2512 2533 2543 2555 2567 2582 2588 2589 2594 2597 2598 2608 2616 2617 2629 2642 2649 
2447 136 1912 1927 1928 1951 1968 1972 1976 1995 1998 2001 2004 2006 2009 2016 2018 2022 2024 2027 2050 2116 2157 2171 2192 2268 2284 2297 2337 2364 2365 2378 2417 2459 2538 2636 2640 2645 2647 2648 2657 2660 
2445 136 1577 1912 1945 1955 1959 1987 2007 2032 2038 2039 2042 2047 2057 2068 2072 2087 2111 2127 2133 2144 2149 2174 2187 2203 2215 2223 2224 2232 2241 2250 2254 2259 2268 2279 2283 2289 2319 2330 2336 2372 2384 2385 2394 2398 2419 2436 2451 2458 2463 2471 2491 2508 2510 2511 2533 2567 2589 2597 2598 2616 2617 2649 
2284 136 1912 1914 1927 1928 1951 1957 1972 1973 1976 1980 1991 1995 1998 1999 2000 2001 2006 2016 2018 2022 2024 2027 2116 2159 2171 2346 2364 2365 2378 2447 2459 2494 2538 2583 2636 2645 2647 2648 2657 2660 
2283 136 1465 1577 1718 1912 1926 1945 1955 1959 2002 2007 2026 2032 2038 2039 2042 2047 2068 2071 2072 2087 2102 2111 2117 2127 2128 2133 2134 2135 2144 2149 2153 2174 2180 2187 2189 2196 2215 2223 2224 2241 2246 2267 2268 2279 2289 2292 2302 2319 2327 2336 2372 2384 2385 2394 2398 2436 2445 2451 2458 2463 2471 2472 2491 2502 2508 2510 2511 2516 2533 2543 2555 2567 2582 2588 2589 2592 2594 2597 2598 2608 2616 2617 2629 2642 2649 
2608 1465 1577 1912 1926 1945 1955 1964 2026 2032 2038 2047 2057 2072 2087 2111 2127 2133 2149 2153 2174 2187 2189 2223 2232 2241 2254 2259 2268 2279 2283 2285 2289 2372 2384 2385 2394 2398 2417 2419 2451 2458 2471 2491 2508 2510 2511 2543 2555 2589 2592 2597 2598 2617 2629 2649 
2285 1465 1577 1912 1926 1959 2007 2032 2038 2071 2102 2111 2134 2174 2180 2187 2189 2215 2241 2254 2267 2268 2302 2336 2372 2398 2472 2508 2510 2511 2543 2547 2555 2567 2588 2597 2608 2617 2629 
2047 1465 1577 1912 1926 1945 1959 1964 1987 2007 2032 2038 2039 2042 2057 2068 2071 2072 2087 2102 2111 2127 2128 2133 2134 2135 2144 2149 2153 2174 2180 2187 2189 2196 2203 2215 2223 2224 2232 2241 2246 2250 2254 2259 2267 2268 2279 2283 2289 2292 2302 2319 2327 2336 2372 2384 2385 2398 2406 2417 2419 2436 2445 2458 2471 2472 2491 2498 2508 2510 2511 2512 2516 2530 2533 2543 2555 2567 2582 2588 2589 2592 2594 2597 2598 2608 2616 2629 2642 2649 
2042 136 1465 1577 1718 1912 1959 1964 1987 2032 2047 2057 2068 2087 2102 2111 2117 2128 2133 2135 2149 2153 2180 2187 2196 2203 2215 2223 2224 2250 2254 2268 2279 2283 2292 2302 2336 2372 2384 2385 2436 2445 2458 2463 2491 2502 2508 2510 2511 2516 2533 2543 2544 2555 2567 2582 2592 2597 2598 2629 2642 2649 
1980 1912 1914 1927 1951 1957 1968 1973 1991 1995 1998 1999 2001 2006 2009 2012 2018 2022 2024 2027 2050 2116 2159 2171 2284 2297 2337 2346 2364 2365 2378 2435 2538 2583 2636 2640 2645 2647 2648 2657 
2279 136 1465 1577 1912 1926 1955 1959 1964 2002 2007 2026 2032 2038 2039 2042 2047 2068 2071 2072 2087 2102 2111 2117 2127 2128 2133 2134 2135 2149 2153 2174 2180 2187 2189 2196 2215 2223 2224 2241 2249 2250 2254 2268 2283 2292 2302 2319 2327 2330 2336 2372 2384 2385 2394 2398 2417 2436 2445 2451 2458 2463 2471 2472 2491 2508 2510 2511 2512 2516 2533 2543 2555 2567 2582 2589 2592 2597 2598 2608 2617 2629 2649 
2571 136 1912 1945 1954 1998 2009 2018 2032 2068 2116 2187 2232 2268 2394 2417 2472 2508 2594 2597 2598 
2378 136 1912 1914 1927 1928 1951 1957 1968 1972 1973 1980 1991 1995 1998 1999 2001 2004 2006 2009 2012 2018 2024 2027 2050 2116 2157 2171 2268 2284 2297 2337 2346 2364 2365 2417 2447 2459 2494 2538 2583 2636 2640 2645 2647 2648 
2398 136 1465 1577 1912 1926 1945 1955 1964 2007 2026 2032 2038 2047 2068 2071 2072 2087 2111 2127 2133 2134 2144 2149 2153 2174 2180 2187 2189 2223 2224 2241 2250 2254 2259 2268 2279 2283 2285 2289 2319 2327 2336 2372 2384 2385 2419 2436 2445 2451 2458 2463 2471 2491 2508 2510 2511 2512 2533 2543 2547 2555 2567 2582 2589 2592 2594 2597 2598 2608 2616 2617 2629 2642 2649 
2050 1912 1951 1973 1980 1995 1998 2000 2018 2022 2157 2171 2297 2337 2365 2378 2435 2447 2494 2538 2640 2645 2647 
2372 1465 1577 1912 1959 1987 2007 2038 2039 2042 2047 2057 2068 2071 2087 2102 2111 2117 2127 2128 2133 2134 2135 2149 2153 2174 2180 2187 2189 2196 2215 2223 2249 2250 2254 2259 2268 2279 2283 2285 2289 2292 2302 2319 2327 2336 2384 2385 2398 2417 2445 2463 2471 2491 2508 2510 2511 2543 2547 2555 2567 2582 2589 2594 2597 2598 2608 2616 2629 
2617 136 1577 1718 1912 1926 1945 1955 2007 2026 2032 2038 2068 2072 2087 2102 2111 2127 2133 2144 2149 2153 2174 2180 2187 2189 2196 2223 2224 2241 2246 2250 2254 2267 2268 2279 2283 2285 2289 2292 2319 2327 2330 2336 2384 2394 2398 2419 2436 2445 2451 2458 2463 2471 2491 2510 2511 2547 2555 2567 2589 2592 2594 2598 2608 2616 2649 
2616 1577 1718 1912 1945 1955 1973 2007 2032 2038 2039 2047 2068 2087 2102 2111 2116 2127 2128 2133 2134 2144 2149 2153 2174 2187 2189 2203 2223 2224 2241 2246 2250 2254 2268 2283 2289 2292 2319 2330 2336 2372 2384 2398 2419 2436 2445 2463 2471 2491 2498 2510 2511 2567 2582 2588 2589 2598 2617 2629 2649 
2597 1465 1577 1912 1926 1945 1959 2007 2032 2039 2042 2047 2068 2071 2072 2087 2111 2117 2127 2135 2153 2180 2187 2189 2196 2203 2250 2268 2279 2283 2285 2289 2292 2302 2319 2327 2330 2336 2372 2384 2394 2398 2417 2436 2445 2451 2472 2491 2508 2510 2511 2533 2543 2547 2555 2567 2571 2592 2598 2608 2629 2642 2649 
2459 136 1912 1927 1928 1951 1968 1972 1973 1976 1991 1995 1998 1999 2009 2013 2018 2022 2024 2027 2102 2116 2157 2171 2192 2268 2284 2364 2378 2417 2447 2538 2583 2640 2645 
2458 136 1465 1577 1912 1926 1945 1955 2007 2026 2032 2038 2042 2047 2068 2071 2072 2111 2117 2127 2174 2180 2187 2189 2223 2224 2254 2267 2268 2279 2283 2292 2319 2327 2336 2384 2394 2398 2436 2445 2451 2491 2508 2510 2511 2516 2543 2547 2555 2589 2592 2594 2598 2608 2617 2649 
2592 1465 1577 1912 1945 1955 1959 2002 2007 2026 2032 2039 2042 2047 2057 2068 2071 2072 2087 2111 2117 2127 2133 2135 2144 2149 2153 2180 2187 2196 2215 2223 2241 2246 2259 2267 2268 2279 2283 2292 2302 2319 2327 2336 2384 2385 2394 2398 2451 2458 2463 2471 2472 2491 2498 2508 2510 2511 2530 2533 2543 2555 2567 2597 2598 2608 2617 2629 
2292 136 1465 1577 1718 1912 1926 1945 1954 1959 1964 2026 2032 2039 2042 2047 2057 2071 2072 2087 2102 2111 2117 2127 2128 2133 2134 2135 2144 2149 2153 2174 2180 2187 2189 2196 2203 2215 2224 2232 2241 2267 2268 2279 2283 2289 2302 2319 2372 2384 2385 2417 2419 2436 2451 2458 2463 2471 2472 2491 2498 2508 2510 2511 2512 2533 2543 2544 2555 2567 2582 2588 2592 2597 2598 2616 2617 2629 2642 2649 
2598 136 1465 1577 1718 1912 1926 1945 1954 1955 1959 2002 2007 2026 2032 2038 2039 2042 2047 2068 2071 2072 2087 2102 2111 2117 2127 2128 2133 2134 2135 2144 2149 2153 2174 2180 2187 2189 2196 2203 2223 2224 2232 2241 2246 2250 2254 2259 2268 2279 2283 2289 2292 2302 2319 2327 2330 2336 2372 2384 2394 2398 2417 2419 2436 2445 2451 2458 2463 2471 2472 2491 2498 2508 2510 2511 2512 2516 2533 2543 2555 2567 2571 2582 2588 2589 2592 2594 2597 2608 2616 2617 2629 2635 2642 2649 
2192 1912 1927 1951 1972 1973 1976 2000 2001 2004 2006 2018 2022 2024 2157 2159 2171 2297 2364 2365 2435 2447 2459 2472 2538 2640 2645 2648 2657 
2196 1465 1577 1718 1912 1945 1954 1959 2002 2007 2026 2032 2039 2042 2047 2068 2071 2087 2102 2111 2117 2127 2133 2134 2135 2144 2149 2153 2187 2189 2215 2224 2241 2246 2268 2279 2283 2289 2292 2302 2319 2330 2336 2372 2384 2417 2419 2463 2471 2472 2491 2498 2510 2511 2533 2543 2555 2567 2582 2588 2589 2592 2597 2598 2617 2629 2642 
2000 1912 1914 1927 1951 1972 1976 1995 1998 2001 2018 2022 2024 2050 2157 2171 2192 2284 2337 2364 2365 2435 2472 2494 2538 2636 2645 2647 
1987 1912 1959 2038 2039 2042 2047 2057 2087 2111 2133 2134 2174 2215 2223 2232 2254 2268 2289 2372 2385 2417 2419 2445 2510 
2203 136 1465 1577 1718 1912 1945 1954 1955 1959 2002 2007 2032 2038 2039 2042 2047 2068 2072 2087 2102 2111 2116 2117 2127 2128 2133 2135 2149 2153 2174 2180 2187 2189 2223 2224 2241 2246 2250 2267 2268 2289 2292 2302 2319 2336 2384 2445 2463 2471 2491 2498 2508 2510 2512 2516 2533 2544 2547 2582 2588 2589 2597 2598 2616 2629 2649 
2057 1912 1959 1987 2039 2042 2047 2068 2087 2102 2111 2134 2149 2215 2223 2254 2268 2292 2302 2336 2372 2384 2385 2445 2491 2508 2511 2530 2592 2608 
2567 1465 1577 1912 1926 1945 1959 2002 2007 2026 2032 2039 2042 2047 2068 2071 2087 2102 2111 2117 2127 2128 2133 2134 2135 2153 2180 2187 2189 2196 2215 2223 2241 2246 2250 2267 2268 2279 2283 2285 2289 2292 2302 2319 2327 2336 2372 2384 2398 2436 2445 2463 2471 2472 2498 2508 2510 2511 2516 2530 2533 2543 2555 2582 2589 2592 2597 2598 2616 2617 2629 2642 
2111 136 1465 1577 1718 1912 1926 1945 1954 1955 1959 1987 2002 2007 2032 2038 2039 2042 2047 2057 2068 2071 2072 2087 2102 2117 2127 2128 2133 2134 2135 2144 2149 2153 2174 2180 2187 2189 2196 2203 2215 2223 2224 2232 2241 2246 2249 2250 2254 2259 2267 2268 2279 2283 2285 2289 2292 2302 2319 2327 2336 2372 2384 2385 2394 2398 2417 2419 2436 2445 2451 2458 2463 2471 2472 2491 2498 2502 2508 2510 2511 2512 2516 2533 2543 2547 2555 2567 2582 2588 2589 2592 2594 2597 2598 2608 2616 2617 2629 2642 2649 
2365 1912 1914 1927 1954 1957 1968 1973 1976 1980 1991 1995 1998 1999 2000 2001 2004 2006 2009 2012 2018 2022 2024 2027 2050 2116 2157 2159 2171 2192 2284 2297 2337 2346 2364 2378 2447 2538 2583 2636 2640 2645 2647 2657 
2364 136 1912 1914 1927 1951 1957 1972 1973 1976 1980 1991 1995 1998 2000 2001 2004 2006 2012 2016 2018 2022 2024 2027 2116 2157 2159 2171 2192 2268 2284 2297 2337 2346 2365 2378 2435 2447 2459 2494 2538 2583 2636 2640 2645 2647 2648 2657 2660 
2417 136 1577 1912 1926 1928 1945 1987 1995 2004 2007 2009 2018 2032 2038 2039 2047 2068 2072 2102 2111 2133 2134 2135 2157 2171 2180 2187 2189 2196 2215 2223 2232 2241 2259 2268 2279 2289 2292 2327 2330 2336 2372 2378 2384 2394 2447 2459 2471 2491 2508 2538 2543 2571 2594 2597 2598 2608 2640 2649 
2116 136 1912 1914 1951 1954 1957 1972 1973 1980 1991 1995 1998 1999 2001 2004 2006 2009 2012 2016 2018 2022 2027 2102 2128 2157 2159 2171 2203 2268 2284 2337 2364 2365 2378 2447 2459 2538 2571 2583 2616 2636 2640 2642 2645 2648 2660 
2249 1912 2007 2068 2087 2111 2174 2250 2268 2279 2336 2372 2491 2589 
2583 136 1912 1914 1927 1951 1972 1973 1976 1980 1991 1995 1998 1999 2001 2009 2024 2027 2116 2157 2159 2171 2268 2284 2337 2346 2364 2365 2378 2435 2459 2494 2636 2640 2645 2647 2648 2657 
2582 1577 1718 1912 1945 1954 2002 2007 2032 2038 2039 2042 2047 2068 2087 2102 2111 2117 2127 2128 2133 2149 2153 2174 2187 2189 2196 2203 2223 2224 2241 2246 2250 2268 2279 2283 2289 2292 2336 2372 2384 2398 2419 2463 2471 2498 2502 2510 2512 2516 2533 2543 2555 2567 2588 2598 2616 2629 2649 
2629 136 1465 1577 1718 1912 1945 1954 1955 1972 2007 2026 2032 2039 2042 2047 2068 2071 2072 2087 2102 2111 2117 2127 2128 2133 2134 2135 2149 2153 2180 2187 2196 2203 2215 2224 2241 2246 2250 2268 2279 2283 2285 2289 2292 2302 2319 2327 2336 2372 2384 2385 2398 2419 2436 2463 2471 2472 2491 2502 2510 2512 2516 2533 2543 2544 2555 2567 2582 2588 2592 2597 2598 2608 2616 2642 2649 
2589 136 1577 1718 1912 1926 1945 1955 1964 2007 2032 2038 2047 2068 2071 2072 2087 2102 2111 2127 2133 2144 2174 2180 2187 2189 2196 2203 2223 2224 2232 2241 2249 2254 2267 2268 2279 2283 2289 2319 2327 2330 2336 2372 2384 2394 2398 2419 2436 2445 2451 2458 2463 2471 2491 2508 2510 2511 2533 2555 2567 2594 2598 2608 2616 2617 2649 
2588 1577 1718 1912 1945 1954 2002 2007 2026 2032 2038 2039 2047 2068 2071 2087 2102 2111 2117 2127 2133 2134 2149 2153 2174 2180 2187 2189 2196 2203 2224 2241 2246 2250 2268 2283 2285 2289 2292 2330 2336 2384 2419 2436 2463 2471 2491 2498 2510 2512 2543 2582 2598 2616 2629 2642 2649 
2180 136 1465 1577 1718 1912 1954 1955 2007 2026 2032 2038 2039 2042 2047 2068 2071 2072 2087 2102 2111 2133 2134 2135 2153 2174 2187 2189 2203 2215 2224 2241 2246 2250 2254 2267 2268 2279 2283 2285 2289 2292 2302 2327 2330 2336 2372 2384 2385 2398 2417 2436 2451 2458 2472 2491 2498 2508 2510 2511 2516 2543 2547 2555 2567 2588 2589 2592 2597 2598 2617 2629 2642 2649 
2187 136 1465 1577 1718 1912 1926 1945 1954 1955 1959 2002 2007 2026 2032 2038 2039 2042 2047 2068 2071 2072 2087 2102 2111 2117 2127 2128 2133 2134 2135 2144 2149 2153 2174 2180 2189 2196 2203 2223 2224 2241 2246 2250 2254 2267 2268 2279 2283 2285 2289 2292 2302 2319 2327 2330 2336 2372 2384 2394 2398 2417 2419 2436 2445 2451 2458 2463 2471 2472 2491 2498 2502 2508 2510 2511 2512 2516 2533 2543 2555 2567 2571 2582 2588 2589 2592 2597 2598 2608 2616 2617 2629 2635 2642 2649 
2189 136 1577 1718 1912 1926 1945 1955 1964 2007 2032 2038 2039 2047 2068 2071 2072 2087 2102 2111 2127 2133 2144 2149 2174 2180 2187 2196 2203 2223 2224 2232 2241 2250 2254 2268 2279 2283 2285 2289 2292 2319 2327 2330 2336 2372 2384 2394 2398 2417 2419 2436 2451 2458 2463 2471 2472 2491 2508 2510 2511 2512 2533 2543 2555 2567 2582 2588 2589 2594 2597 2598 2608 2616 2617 2649 
1914 1912 1927 1951 1972 1973 1980 1991 1995 2000 2001 2004 2006 2009 2018 2022 2024 2027 2116 2171 2284 2364 2365 2378 2435 2494 2583 2636 2645 2647 2648 2657 2660 
1991 136 1912 1914 1927 1951 1957 1972 1976 1980 1995 1998 2001 2004 2006 2018 2022 2024 2027 2116 2157 2159 2171 2284 2346 2364 2365 2378 2459 2494 2538 2583 2636 2645 2647 2648 2657 2660 
1995 136 1912 1914 1927 1928 1951 1957 1968 1972 1973 1980 1991 1998 1999 2000 2001 2004 2006 2009 2012 2016 2018 2024 2027 2050 2116 2157 2159 2171 2268 2284 2337 2346 2364 2365 2378 2417 2435 2447 2459 2494 2538 2583 2636 2640 2645 2647 2648 2657 2660 
2336 136 1465 1577 1718 1912 1926 1945 1954 1955 1959 2002 2026 2032 2038 2039 2042 2047 2057 2071 2072 2087 2102 2111 2117 2127 2133 2134 2135 2144 2149 2153 2174 2180 2187 2189 2196 2203 2215 2223 2224 2232 2241 2249 2254 2259 2267 2268 2279 2283 2285 2289 2302 2319 2330 2372 2384 2385 2394 2398 2417 2419 2436 2445 2451 2458 2463 2471 2472 2491 2498 2502 2508 2510 2511 2516 2533 2543 2547 2555 2567 2582 2588 2589 2592 2597 2598 2616 2617 2629 2642 2649 
2215 1577 1912 1959 1987 2038 2039 2042 2047 2057 2068 2087 2102 2111 2117 2134 2149 2153 2180 2196 2223 2254 2259 2267 2268 2279 2283 2285 2292 2302 2336 2372 2384 2385 2417 2445 2508 2530 2543 2547 2567 2592 2629 
1999 1912 1927 1951 1954 1968 1973 1976 1980 1995 2004 2006 2009 2012 2018 2027 2116 2171 2284 2297 2337 2365 2378 2459 2538 2583 2640 2645 2647 
1998 136 1912 1928 1951 1957 1972 1976 1980 1991 1995 2000 2001 2004 2006 2009 2016 2018 2022 2027 2050 2116 2157 2159 2171 2284 2337 2346 2364 2365 2378 2447 2459 2494 2538 2571 2583 2636 2640 2645 2647 2648 2657 2660 
2159 1912 1927 1951 1957 1968 1972 1973 1976 1980 1991 1995 1998 2001 2006 2009 2018 2024 2027 2116 2171 2192 2284 2297 2346 2364 2365 2538 2583 2640 2648 2657 
2024 136 1912 1914 1927 1951 1954 1968 1972 1973 1976 1980 1991 1995 2000 2001 2004 2006 2009 2016 2018 2022 2027 2157 2159 2171 2192 2268 2284 2364 2365 2378 2447 2459 2494 2538 2583 2636 2640 2645 2647 2648 2660 
2026 1577 1912 1926 1955 1959 2002 2007 2068 2072 2087 2102 2127 2128 2133 2134 2153 2180 2187 2196 2224 2250 2267 2268 2279 2283 2289 2292 2319 2327 2336 2384 2394 2398 2436 2451 2458 2498 2508 2510 2511 2516 2543 2547 2555 2567 2588 2592 2594 2598 2608 2617 2629 
2027 136 1912 1914 1927 1928 1951 1972 1980 1991 1995 1998 1999 2001 2004 2006 2009 2018 2024 2116 2157 2159 2171 2268 2284 2337 2346 2364 2365 2378 2435 2447 2459 2538 2583 2636 2640 2645 2657 
2022 1912 1914 1927 1951 1968 1972 1973 1976 1980 1991 1998 2000 2001 2004 2006 2016 2018 2024 2050 2116 2157 2171 2192 2268 2284 2297 2364 2365 2447 2459 2472 2538 2640 2657 2660 
1976 136 1912 1928 1951 1968 1972 1973 1991 1998 1999 2000 2001 2004 2006 2009 2012 2013 2018 2022 2024 2157 2159 2171 2192 2268 2284 2337 2364 2365 2384 2447 2459 2472 2583 
2102 136 1465 1577 1718 1912 1926 1945 1954 1959 2007 2026 2032 2038 2039 2042 2047 2057 2068 2071 2087 2111 2116 2117 2127 2133 2134 2149 2153 2174 2180 2187 2189 2196 2203 2215 2223 2224 2241 2246 2250 2254 2259 2267 2268 2279 2283 2285 2289 2292 2302 2327 2336 2372 2384 2385 2417 2419 2436 2451 2459 2463 2471 2491 2498 2508 2510 2511 2533 2543 2547 2555 2567 2582 2588 2589 2598 2616 2617 2629 2642 2649 
2516 1465 1577 1912 1945 2002 2007 2026 2032 2042 2047 2071 2072 2087 2111 2127 2128 2149 2180 2187 2203 2223 2224 2241 2250 2268 2279 2283 2319 2327 2336 2384 2419 2458 2463 2471 2502 2508 2510 2511 2512 2543 2544 2555 2567 2582 2594 2598 2629 2642 2649 
2117 136 1465 1577 1718 1912 1945 1954 1955 1959 1964 2007 2039 2042 2068 2071 2072 2087 2102 2111 2128 2134 2135 2144 2149 2153 2174 2187 2196 2203 2215 2224 2232 2241 2246 2250 2254 2268 2279 2283 2292 2302 2319 2327 2336 2372 2384 2385 2394 2419 2436 2458 2463 2471 2472 2491 2508 2530 2533 2543 2544 2555 2567 2582 2588 2592 2594 2597 2598 2629 
2510 136 1465 1577 1718 1912 1926 1945 1955 1959 1987 2002 2007 2026 2032 2038 2039 2042 2047 2068 2071 2072 2087 2102 2111 2127 2133 2134 2144 2149 2153 2174 2180 2187 2189 2196 2203 2223 2224 2246 2254 2267 2268 2279 2283 2285 2289 2292 2302 2319 2327 2330 2336 2372 2384 2394 2398 2419 2436 2445 2451 2458 2463 2471 2491 2508 2511 2512 2516 2533 2543 2547 2555 2567 2582 2588 2589 2592 2594 2597 2598 2608 2616 2617 2629 2642 2649 
2511 136 1577 1718 1912 1926 1945 1955 1959 2002 2007 2026 2032 2038 2039 2042 2047 2057 2068 2071 2072 2087 2102 2111 2127 2133 2134 2135 2144 2153 2174 2180 2187 2189 2196 2223 2224 2246 2250 2254 2267 2268 2279 2283 2285 2289 2292 2302 2319 2327 2336 2372 2384 2394 2398 2419 2436 2445 2451 2458 2463 2471 2491 2508 2510 2512 2516 2533 2543 2555 2567 2589 2592 2594 2597 2598 2608 2616 2617 2649 
2512 1465 1577 1718 1912 1945 2002 2007 2032 2038 2039 2047 2068 2071 2087 2111 2127 2128 2133 2135 2149 2174 2187 2189 2203 2223 2224 2241 2246 2250 2254 2268 2279 2289 2292 2302 2319 2384 2398 2419 2451 2463 2471 2498 2510 2511 2516 2543 2544 2582 2588 2598 2629 2649 
2635 136 1912 1945 2032 2187 2223 2224 2232 2259 2268 2436 2491 2533 2598 
2636 136 1912 1914 1951 1957 1972 1973 1980 1991 1995 1998 2000 2001 2006 2018 2024 2027 2116 2157 2171 2284 2346 2364 2365 2378 2447 2583 2645 2647 2657 
2436 136 1577 1718 1912 1945 1955 1959 2007 2026 2032 2038 2042 2047 2068 2071 2072 2087 2102 2111 2117 2127 2128 2133 2135 2144 2149 2174 2180 2187 2189 2223 2224 2241 2250 2254 2268 2279 2283 2289 2292 2302 2319 2327 2330 2336 2384 2398 2419 2445 2451 2458 2463 2471 2491 2498 2502 2508 2510 2511 2533 2543 2544 2567 2588 2589 2597 2598 2616 2617 2629 2635 2649 
2435 1912 1914 1927 1951 1957 1972 1973 1980 1995 2000 2001 2004 2009 2018 2027 2050 2171 2192 2297 2337 2346 2364 2494 2538 2583 2645 2647 
2087 1465 1577 1718 1912 1926 1945 1954 1955 1959 1987 2002 2007 2026 2032 2038 2039 2042 2047 2057 2068 2071 2102 2111 2117 2127 2128 2133 2134 2135 2144 2149 2153 2174 2180 2187 2189 2196 2203 2215 2223 2224 2241 2246 2249 2250 2254 2259 2267 2268 2279 2283 2289 2292 2302 2319 2327 2336 2372 2384 2385 2398 2436 2445 2451 2463 2471 2472 2491 2498 2508 2510 2511 2512 2516 2530 2533 2543 2547 2555 2567 2582 2588 2589 2592 2594 2597 2598 2608 2616 2617 2629 2642 2649 
2134 1465 1577 1912 1926 1959 1987 2007 2026 2032 2038 2039 2047 2057 2068 2071 2087 2102 2111 2117 2127 2149 2153 2180 2187 2196 2215 2223 2241 2254 2268 2279 2283 2285 2289 2292 2302 2319 2336 2372 2384 2385 2398 2417 2451 2463 2471 2508 2510 2511 2533 2543 2555 2567 2588 2598 2616 2629 2642 
2135 136 1465 1577 1912 1945 1959 2007 2038 2039 2042 2047 2068 2071 2072 2087 2111 2117 2128 2133 2153 2174 2180 2187 2196 2203 2224 2241 2267 2268 2279 2283 2292 2302 2319 2330 2336 2372 2384 2417 2436 2463 2472 2502 2511 2512 2533 2543 2544 2555 2567 2592 2597 2598 2629 2642 
1968 1912 1951 1954 1957 1973 1976 1980 1995 1999 2001 2006 2009 2018 2022 2024 2159 2171 2365 2378 2447 2459 2472 2640 2657 
2133 136 1577 1718 1912 1926 1945 1954 1955 1959 1964 1987 2007 2026 2032 2038 2042 2047 2068 2071 2072 2087 2102 2111 2127 2135 2144 2149 2153 2174 2180 2187 2189 2196 2203 2223 2224 2232 2241 2246 2250 2254 2267 2268 2279 2283 2289 2292 2302 2319 2330 2336 2372 2384 2394 2398 2406 2417 2419 2436 2445 2451 2463 2471 2491 2498 2508 2510 2511 2512 2543 2555 2567 2582 2588 2589 2592 2594 2598 2608 2616 2617 2629 2642 2649 
1964 1912 1926 2007 2038 2042 2047 2117 2127 2133 2149 2174 2189 2232 2268 2279 2289 2292 2302 2384 2398 2406 2419 2498 2589 2608 2642 
2224 136 1577 1718 1912 1926 1945 1954 1955 2007 2026 2032 2038 2039 2042 2047 2068 2071 2072 2087 2102 2111 2117 2127 2133 2135 2144 2149 2153 2174 2180 2187 2189 2196 2203 2223 2241 2246 2250 2254 2267 2268 2279 2283 2289 2292 2302 2319 2327 2330 2336 2384 2398 2419 2436 2445 2451 2458 2463 2471 2491 2498 2502 2508 2510 2511 2512 2516 2533 2543 2547 2555 2582 2588 2589 2598 2616 2617 2629 2635 2649 
2223 136 1465 1577 1718 1912 1926 1945 1955 1959 1987 2007 2032 2038 2039 2042 2047 2057 2068 2071 2072 2087 2102 2111 2127 2133 2134 2144 2149 2153 2174 2187 2189 2203 2215 2224 2232 2250 2254 2259 2268 2279 2283 2289 2319 2327 2330 2336 2372 2384 2385 2394 2398 2417 2436 2445 2451 2458 2463 2471 2491 2498 2502 2508 2510 2511 2512 2516 2543 2555 2567 2582 2589 2592 2594 2598 2608 2616 2617 2635 2642 2649 
2032 136 1465 1577 1718 1912 1926 1945 1954 1955 1959 2007 2038 2039 2042 2047 2068 2071 2072 2087 2102 2111 2127 2133 2134 2144 2149 2153 2174 2180 2187 2189 2196 2203 2223 2224 2232 2241 2246 2254 2259 2268 2279 2283 2285 2289 2292 2302 2319 2327 2336 2384 2394 2398 2417 2419 2436 2445 2451 2458 2463 2471 2472 2491 2498 2508 2510 2511 2512 2516 2533 2543 2555 2567 2571 2582 2588 2589 2592 2594 2597 2598 2608 2616 2617 2629 2635 2642 2649 
2508 136 1465 1577 1718 1912 1926 1945 1954 1955 1959 2007 2026 2032 2038 2039 2042 2047 2057 2068 2072 2087 2102 2111 2117 2127 2133 2134 2149 2153 2174 2180 2187 2189 2203 2215 2223 2224 2232 2241 2250 2254 2259 2268 2279 2283 2285 2289 2292 2319 2327 2336 2372 2384 2394 2398 2417 2436 2445 2451 2458 2463 2471 2491 2510 2511 2516 2543 2555 2567 2571 2589 2592 2594 2597 2598 2608 2649 
2502 136 1577 1912 2042 2111 2128 2135 2187 2223 2224 2250 2267 2268 2283 2302 2336 2384 2436 2516 2530 2533 2543 2544 2582 2629 2649 
2039 136 1577 1912 1926 1945 1955 1959 1987 2007 2032 2038 2047 2057 2068 2071 2072 2087 2102 2111 2117 2127 2134 2135 2144 2149 2153 2180 2187 2189 2196 2203 2215 2223 2224 2232 2241 2250 2254 2267 2268 2279 2283 2289 2292 2302 2319 2336 2372 2384 2385 2394 2417 2445 2463 2471 2498 2508 2510 2511 2512 2543 2555 2567 2582 2588 2592 2597 2598 2616 2629 2642 
2038 136 1577 1718 1912 1926 1945 1955 1964 1987 2007 2032 2039 2047 2068 2072 2087 2102 2111 2127 2133 2134 2135 2144 2149 2174 2180 2187 2189 2203 2215 2223 2224 2232 2241 2250 2254 2259 2267 2268 2279 2283 2285 2289 2302 2319 2327 2330 2336 2372 2384 2398 2406 2417 2419 2436 2445 2451 2458 2463 2471 2491 2498 2508 2510 2511 2512 2533 2543 2555 2582 2588 2589 2594 2598 2608 2616 2617 2642 2649 
2648 1912 1914 1927 1951 1957 1972 1973 1980 1991 1995 1998 2001 2004 2006 2009 2018 2024 2116 2157 2159 2171 2192 2284 2364 2378 2447 2494 2583 2640 2645 2647 2657 2660 
2649 136 1465 1577 1718 1912 1926 1945 1954 1955 2007 2032 2038 2042 2047 2068 2071 2072 2087 2102 2111 2127 2133 2144 2149 2174 2180 2187 2189 2203 2223 2224 2232 2241 2250 2254 2259 2268 2279 2283 2289 2292 2319 2327 2330 2336 2384 2394 2398 2417 2419 2436 2445 2451 2458 2463 2471 2491 2498 2502 2508 2510 2511 2512 2516 2533 2543 2555 2582 2588 2589 2594 2597 2598 2608 2616 2617 2629 2642 
2640 136 1912 1927 1928 1951 1954 1957 1968 1972 1973 1980 1995 1998 1999 2001 2004 2009 2018 2022 2024 2027 2050 2116 2157 2159 2171 2192 2268 2297 2337 2346 2364 2365 2378 2417 2447 2459 2538 2583 2645 2648 2657 2660 
2642 1465 1577 1718 1912 1926 1945 1964 2002 2007 2032 2038 2039 2042 2047 2071 2087 2102 2111 2116 2128 2133 2134 2135 2144 2149 2153 2180 2187 2196 2223 2232 2246 2250 2267 2268 2283 2289 2292 2302 2336 2384 2398 2419 2463 2471 2472 2510 2516 2533 2543 2555 2567 2588 2597 2598 2629 2649 
2645 1912 1914 1951 1972 1980 1991 1995 1998 1999 2000 2001 2004 2006 2016 2018 2024 2027 2050 2116 2157 2171 2192 2268 2284 2337 2346 2364 2365 2378 2435 2447 2459 2494 2538 2583 2636 2640 2647 2648 2657 2660 
2647 136 1912 1914 1927 1951 1972 1973 1980 1991 1995 1998 1999 2000 2001 2004 2009 2018 2024 2050 2171 2284 2297 2337 2364 2365 2378 2435 2447 2494 2538 2583 2636 2645 2648 2657 
2346 1912 1927 1973 1980 1991 1995 1998 2001 2018 2027 2159 2171 2284 2337 2364 2365 2378 2435 2538 2583 2636 2640 2645 2657 
2330 1718 1912 1945 1955 2007 2038 2068 2071 2127 2133 2135 2144 2149 2174 2180 2187 2189 2196 2223 2224 2254 2268 2279 2289 2302 2319 2336 2384 2417 2436 2445 2451 2463 2491 2510 2588 2589 2597 2598 2616 2617 2649 
2127 136 1577 1718 1912 1926 1945 1955 1964 1973 2002 2007 2026 2032 2038 2039 2047 2068 2071 2072 2087 2102 2111 2133 2134 2144 2149 2153 2174 2187 2189 2196 2203 2223 2224 2241 2246 2250 2254 2268 2279 2283 2289 2292 2302 2319 2327 2330 2336 2372 2384 2394 2398 2419 2436 2445 2451 2458 2463 2471 2491 2498 2508 2510 2511 2512 2516 2533 2543 2555 2567 2582 2588 2589 2592 2594 2597 2598 2608 2616 2617 2629 2649 
2337 136 1912 1927 1972 1973 1976 1980 1995 1998 1999 2000 2001 2004 2009 2018 2027 2050 2116 2157 2171 2297 2346 2364 2365 2378 2435 2447 2494 2538 2583 2640 2645 2647 
2128 136 1465 1577 1912 1954 1972 2002 2026 2042 2047 2068 2087 2111 2116 2117 2135 2153 2187 2203 2246 2250 2267 2268 2279 2283 2292 2302 2372 2384 2436 2463 2491 2502 2512 2516 2533 2543 2544 2555 2567 2582 2594 2598 2616 2629 2642 
2232 1912 1926 1945 1959 1964 1987 2007 2032 2038 2039 2047 2068 2072 2111 2117 2133 2189 2223 2241 2259 2267 2268 2289 2292 2327 2336 2384 2394 2417 2445 2471 2491 2508 2543 2547 2571 2589 2594 2598 2608 2635 2642 2649 
1973 136 1912 1914 1927 1928 1951 1954 1957 1968 1972 1976 1980 1995 1999 2001 2004 2006 2009 2016 2018 2022 2024 2050 2116 2127 2159 2171 2192 2268 2284 2297 2319 2337 2346 2364 2365 2378 2384 2435 2459 2494 2538 2583 2616 2636 2640 2647 2648 2657 2660 
1972 136 1912 1914 1927 1928 1951 1954 1957 1973 1976 1991 1995 1998 2000 2001 2004 2006 2009 2012 2013 2018 2022 2024 2027 2116 2128 2159 2171 2192 2268 2284 2297 2302 2337 2364 2378 2435 2447 2459 2472 2494 2538 2583 2629 2636 2640 2645 2647 2648 2657 2660 
2002 1577 1912 1926 1945 1959 2007 2026 2068 2087 2111 2127 2128 2149 2153 2187 2196 2203 2241 2246 2250 2267 2268 2279 2283 2319 2327 2336 2419 2463 2471 2498 2510 2511 2512 2516 2555 2567 2582 2588 2592 2598 2642 
2538 136 1912 1927 1928 1951 1954 1972 1973 1980 1991 1995 1998 1999 2000 2001 2004 2009 2018 2022 2024 2027 2050 2116 2157 2159 2171 2192 2268 2284 2297 2337 2346 2364 2365 2378 2417 2435 2447 2459 2494 2640 2645 2647 
2001 136 1912 1914 1927 1951 1957 1968 1972 1973 1976 1980 1991 1995 1998 2000 2004 2006 2009 2012 2018 2022 2024 2027 2116 2157 2159 2171 2192 2284 2337 2346 2364 2365 2378 2435 2447 2472 2494 2538 2583 2636 2640 2645 2647 2648 2657 2660 
2006 1912 1914 1927 1951 1957 1968 1972 1973 1976 1980 1991 1995 1998 1999 2001 2018 2022 2024 2027 2116 2159 2171 2192 2284 2297 2364 2365 2378 2447 2494 2636 2645 2648 2657 2660 
2007 136 1465 1577 1718 1912 1926 1945 1955 1959 1964 2002 2026 2032 2038 2039 2047 2071 2072 2087 2102 2111 2117 2127 2133 2134 2135 2144 2149 2153 2174 2180 2187 2189 2196 2203 2223 2224 2232 2241 2249 2254 2259 2267 2268 2279 2283 2285 2289 2302 2319 2330 2372 2384 2394 2398 2417 2419 2436 2445 2451 2458 2463 2471 2472 2491 2498 2508 2510 2511 2512 2516 2533 2543 2547 2555 2567 2582 2588 2589 2592 2597 2598 2616 2617 2629 2642 2649 
2004 136 1912 1914 1927 1951 1972 1973 1976 1991 1995 1998 1999 2001 2009 2016 2018 2022 2024 2027 2116 2157 2171 2192 2268 2337 2364 2365 2378 2417 2435 2447 2494 2538 2640 2645 2647 2648 2657 2660 
2533 136 1465 1577 1912 1945 1955 1959 2007 2032 2038 2042 2047 2068 2071 2072 2087 2102 2111 2117 2127 2128 2134 2135 2149 2153 2187 2189 2196 2203 2224 2241 2250 2268 2279 2283 2289 2292 2302 2319 2327 2336 2384 2398 2436 2445 2451 2463 2471 2472 2502 2510 2511 2543 2544 2555 2567 2582 2589 2592 2597 2598 2629 2635 2642 2649 
2530 1465 1912 2047 2057 2087 2117 2215 2268 2302 2384 2385 2502 2567 2592 
2009 136 1912 1914 1928 1951 1954 1968 1972 1973 1976 1980 1995 1998 1999 2001 2004 2013 2018 2024 2027 2116 2157 2159 2268 2297 2337 2365 2378 2417 2435 2447 2459 2472 2538 2571 2583 2640 2647 2648 2657 2660 
1577 1465 1718 1912 1945 1954 1959 2002 2007 2026 2032 2038 2039 2042 2047 2068 2071 2072 2087 2102 2111 2117 2127 2128 2133 2134 2135 2144 2149 2153 2174 2180 2187 2189 2196 2203 2215 2223 2224 2241 2246 2250 2267 2268 2279 2283 2285 2289 2292 2302 2319 2327 2336 2372 2384 2385 2394 2398 2417 2419 2436 2445 2451 2458 2463 2471 2472 2491 2498 2502 2508 2510 2511 2512 2516 2533 2543 2544 2547 2555 2567 2582 2588 2589 2592 2594 2597 2598 2608 2616 2617 2629 2642 2649 
