2869 1405 1666 1684 2661 2674 2708 2719 2737 2742 2748 2753 2778 2781 2796 2812 2828 2833 2849 2853 2863 2881 2936 2937 2939 2950 2980 2991 2992 3016 3021 3035 3049 3051 3060 3082 3101 3113 3116 3132 3145 3152 3169 3170 3172 3199 3201 3204 3239 3252 3267 3270 3277 3280 3289 3297 3302 3320 3330 3335 3340 3347 3350 3351 3378 3381 3386 3396 3397 3416 3419 
3172 1684 2661 2684 2708 2719 2733 2742 2778 2780 2783 2796 2823 2828 2840 2845 2863 2869 2875 2881 2894 2936 2937 2950 2976 2991 2992 3005 3017 3039 3051 3060 3076 3079 3082 3111 3112 3118 3145 3152 3170 3179 3182 3185 3198 3199 3201 3204 3225 3258 3261 3272 3274 3280 3287 3291 3296 3298 3313 3320 3332 3347 3350 3351 3353 3377 3378 3381 3396 3403 3411 3422 3434 
3082 1684 2661 2674 2719 2742 2748 2753 2778 2781 2796 2823 2828 2833 2840 2849 2853 2863 2869 2936 2937 2939 2991 2992 3016 3017 3021 3035 3049 3051 3060 3076 3101 3113 3116 3132 3145 3152 3169 3172 3182 3185 3198 3201 3204 3239 3252 3267 3272 3277 3280 3291 3297 3320 3330 3332 3335 3347 3350 3351 3378 3381 3386 3396 3397 3411 3416 3419 3434 
3076 1684 2661 2684 2708 2719 2733 2742 2748 2778 2781 2783 2796 2823 2828 2833 2845 2849 2875 2881 2894 2937 2950 2976 3017 3039 3060 3079 3082 3101 3111 3113 3116 3132 3145 3152 3172 3179 3182 3185 3199 3201 3204 3225 3258 3261 3272 3274 3280 3287 3289 3291 3296 3298 3313 3320 3332 3347 3350 3353 3377 3378 3381 3396 3397 3403 3411 3422 3434 
2849 1684 2661 2674 2742 2778 2781 2796 2828 2833 2853 2863 2869 2875 2894 2939 2991 3021 3035 3049 3076 3082 3101 3116 3132 3152 3169 3179 3185 3201 3239 3252 3267 3277 3280 3291 3297 3330 3332 3335 3347 3350 3351 3381 3396 3397 3416 3419 3434 
2719 1684 2661 2708 2742 2753 2778 2796 2823 2828 2833 2840 2853 2863 2869 2875 2881 2894 2936 2937 2939 2976 2991 2992 3005 3017 3035 3039 3051 3060 3076 3079 3082 3101 3111 3113 3116 3132 3145 3169 3170 3172 3179 3182 3185 3201 3204 3225 3239 3252 3258 3261 3267 3274 3277 3280 3287 3291 3297 3298 3320 3330 3332 3347 3350 3351 3353 3377 3378 3381 3386 3396 3397 3422 3434 
2840 1684 2719 2881 2976 2992 3017 3039 3060 3082 3111 3112 3118 3145 3172 3185 3225 3267 3287 3320 3377 3378 3396 3403 
3347 1684 2661 2674 2719 2742 2778 2781 2796 2828 2833 2849 2853 2863 2869 2936 2939 2991 2992 3005 3035 3049 3051 3060 3076 3082 3101 3113 3116 3132 3145 3152 3170 3172 3185 3198 3201 3204 3239 3252 3267 3272 3280 3291 3302 3320 3330 3332 3350 3351 3378 3381 3396 3397 3403 3416 3434 
3049 1684 2661 2674 2742 2748 2778 2780 2781 2796 2828 2833 2849 2853 2863 2869 2894 2939 2991 3021 3035 3082 3101 3113 3116 3132 3152 3169 3179 3185 3201 3239 3252 3267 3277 3280 3291 3296 3297 3330 3335 3347 3350 3351 3381 3397 3411 3416 3419 3434 
3411 1684 2661 2742 2748 2828 2833 2875 2894 2950 3005 3049 3060 3076 3079 3082 3101 3116 3132 3152 3172 3179 3182 3185 3198 3201 3252 3258 3296 3330 3332 3335 3350 3396 3434 
3419 1684 2661 2674 2742 2778 2780 2781 2796 2849 2853 2863 2869 2991 2992 3016 3021 3035 3049 3051 3082 3101 3113 3116 3132 3145 3152 3169 3185 3198 3201 3204 3239 3252 3267 3277 3280 3297 3330 3335 3351 3378 3381 3397 3416 3434 
3258 1666 1684 2684 2708 2719 2733 2742 2823 2833 2863 2875 2894 2937 2950 2976 3017 3060 3076 3079 3116 3152 3172 3179 3182 3274 3291 3320 3332 3350 3396 3411 3434 
3252 1684 2661 2674 2719 2742 2748 2778 2781 2828 2849 2853 2863 2869 2937 2939 2991 2992 3016 3021 3035 3049 3051 3082 3101 3113 3116 3132 3152 3169 3198 3201 3239 3267 3277 3280 3291 3297 3320 3330 3335 3347 3351 3381 3397 3411 3416 3419 3434 
2845 1684 2708 2737 2823 2937 3051 3060 3076 3118 3172 3261 3287 3298 3396 3403 
2708 1684 2661 2684 2719 2796 2823 2828 2845 2869 2875 2894 2937 3051 3076 3079 3145 3172 3179 3182 3258 3298 3320 3332 3350 3396 3397 3434 
2853 1684 2661 2674 2719 2748 2778 2781 2796 2849 2863 2869 2894 2939 2991 2992 3016 3021 3035 3049 3082 3101 3113 3116 3132 3145 3169 3201 3239 3252 3267 3277 3280 3297 3320 3330 3335 3347 3351 3381 3397 3416 3419 
3332 1684 2661 2684 2708 2719 2742 2778 2823 2828 2833 2849 2875 2894 2936 2937 3021 3051 3060 3076 3079 3082 3101 3116 3118 3132 3145 3152 3170 3172 3179 3182 3258 3261 3280 3287 3291 3298 3320 3330 3347 3350 3353 3378 3396 3403 3411 3434 
3403 1684 2812 2823 2840 2845 2894 2936 2976 3005 3017 3039 3060 3076 3101 3111 3118 3145 3172 3185 3225 3261 3287 3302 3320 3332 3347 3353 3386 3396 3422 
3330 1684 2661 2674 2719 2742 2778 2828 2833 2849 2853 2863 2869 2936 2939 2991 2992 3017 3035 3049 3051 3060 3082 3101 3116 3132 3145 3152 3169 3198 3199 3201 3239 3252 3267 3277 3280 3291 3297 3302 3332 3335 3347 3351 3381 3396 3397 3411 3419 3422 3434 
3335 1684 2661 2742 2748 2778 2780 2781 2828 2849 2853 2863 2869 2875 2939 2950 3035 3049 3082 3101 3113 3116 3132 3152 3169 3185 3252 3261 3267 3291 3297 3330 3350 3351 3397 3411 3419 3434 
3132 1684 2661 2674 2719 2742 2753 2778 2796 2828 2833 2849 2853 2863 2869 2939 2991 2992 3021 3035 3049 3051 3060 3076 3082 3101 3113 3116 3145 3152 3169 3179 3185 3201 3239 3252 3267 3277 3280 3291 3296 3297 3320 3330 3332 3335 3347 3350 3351 3381 3396 3397 3411 3416 3419 3434 
3320 1684 2661 2684 2708 2719 2733 2742 2748 2753 2778 2796 2823 2828 2833 2840 2853 2863 2869 2875 2881 2894 2936 2937 2950 2976 2991 2992 3005 3017 3021 3035 3039 3051 3060 3076 3079 3082 3101 3111 3113 3116 3118 3132 3145 3152 3170 3172 3182 3185 3199 3201 3204 3225 3239 3252 3258 3261 3267 3272 3274 3277 3280 3287 3291 3298 3332 3347 3350 3353 3377 3378 3381 3386 3396 3397 3403 3422 3434 
3039 1684 2719 2778 2796 2840 2881 3005 3076 3111 3172 3185 3199 3225 3261 3274 3287 3320 3377 3378 3396 3403 3422 
3035 1684 2661 2674 2719 2742 2778 2781 2796 2828 2833 2849 2853 2863 2869 2894 2936 2937 2939 2950 2991 2992 3021 3049 3051 3082 3101 3113 3116 3132 3145 3152 3169 3179 3182 3185 3198 3201 3204 3239 3252 3267 3277 3280 3296 3297 3320 3330 3335 3347 3351 3353 3378 3381 3397 3416 3419 3434 
2992 1684 2719 2742 2753 2778 2823 2828 2833 2840 2853 2863 2869 2936 2937 2939 2991 3017 3035 3051 3060 3079 3082 3101 3113 3132 3145 3169 3172 3199 3201 3204 3252 3267 3277 3280 3291 3297 3298 3302 3320 3330 3347 3377 3378 3381 3397 3416 3419 3434 
2991 1684 2661 2674 2719 2737 2742 2748 2778 2781 2796 2828 2833 2849 2853 2863 2869 2894 2937 2992 3035 3049 3051 3060 3082 3101 3113 3116 3132 3145 3152 3169 3172 3185 3201 3204 3239 3252 3267 3277 3280 3297 3320 3330 3347 3350 3351 3378 3381 3396 3416 3419 3434 
1666 1684 2869 3111 3258 3289 
2796 1684 2674 2708 2719 2737 2742 2778 2781 2828 2833 2849 2853 2863 2869 2881 2894 2936 2939 2991 3016 3017 3035 3039 3049 3051 3060 3076 3082 3101 3111 3113 3132 3145 3172 3185 3199 3201 3204 3261 3267 3274 3277 3280 3287 3297 3320 3347 3350 3351 3377 3378 3381 3396 3419 3422 3434 
2778 1684 2661 2674 2719 2742 2781 2796 2823 2828 2833 2849 2853 2863 2869 2875 2881 2894 2939 2991 2992 3016 3017 3035 3039 3049 3051 3060 3076 3082 3101 3111 3112 3113 3116 3118 3132 3145 3169 3172 3179 3182 3185 3199 3201 3204 3225 3239 3252 3261 3267 3272 3274 3277 3280 3287 3297 3298 3320 3330 3332 3335 3347 3350 3351 3377 3378 3381 3396 3397 3416 3419 3422 3434 
3277 1684 2661 2674 2719 2742 2778 2781 2796 2828 2833 2849 2853 2863 2869 2939 2991 2992 3016 3021 3035 3049 3051 3082 3101 3113 3132 3145 3169 3185 3201 3204 3239 3252 3267 3280 3291 3297 3320 3330 3351 3378 3381 3397 3416 3419 3434 
3274 1684 2661 2719 2748 2778 2783 2796 2863 2881 2894 3017 3039 3051 3076 3111 3145 3152 3172 3182 3185 3225 3258 3261 3272 3287 3291 3302 3313 3320 3350 3353 3377 3396 3397 3422 
2828 1684 2661 2674 2708 2719 2742 2778 2796 2823 2833 2849 2869 2875 2936 2937 2939 2991 2992 3035 3049 3051 3060 3076 3082 3101 3113 3116 3132 3152 3169 3170 3172 3179 3185 3201 3252 3261 3272 3277 3280 3291 3298 3320 3330 3332 3335 3347 3350 3351 3377 3378 3381 3396 3397 3411 3416 3434 
3145 1684 2674 2708 2719 2753 2778 2796 2823 2840 2853 2863 2869 2881 2894 2936 2937 2991 2992 3005 3017 3035 3051 3060 3076 3082 3101 3111 3113 3118 3132 3169 3172 3182 3185 3199 3201 3204 3261 3267 3274 3277 3280 3287 3291 3297 3320 3330 3332 3347 3350 3351 3377 3378 3381 3386 3396 3403 3419 3422 
3270 1684 2863 2869 2980 3016 3267 
3302 1684 2661 2748 2869 2875 2936 2939 2992 3005 3021 3101 3111 3116 3204 3274 3289 3291 3296 3330 3347 3350 3351 3403 
2823 1684 2684 2708 2719 2778 2828 2845 2875 2894 2937 2992 3051 3060 3076 3079 3082 3118 3145 3170 3172 3179 3182 3258 3261 3267 3287 3320 3332 3350 3378 3396 3403 3434 
3386 1684 2719 2748 2753 2863 2869 2875 2936 2976 3051 3079 3082 3118 3145 3182 3225 3291 3320 3350 3353 3396 3397 3403 3434 
2781 1684 2674 2742 2778 2796 2849 2853 2863 2869 2894 2939 2991 3005 3035 3049 3060 3076 3082 3101 3113 3116 3169 3179 3182 3201 3204 3252 3261 3267 3277 3280 3291 3297 3335 3347 3350 3351 3381 3397 3419 3434 
2780 1684 2661 2742 2748 2863 2939 2950 3049 3101 3116 3152 3172 3198 3201 3297 3335 3351 3419 
2783 1684 2976 3017 3060 3076 3152 3172 3182 3185 3198 3274 3291 3353 3422 
3381 1684 2661 2674 2719 2778 2781 2796 2828 2833 2849 2853 2863 2869 2894 2939 2991 2992 3035 3049 3051 3060 3076 3082 3101 3113 3116 3132 3145 3169 3172 3201 3239 3252 3267 3272 3277 3280 3297 3298 3320 3330 3347 3350 3351 3378 3416 3419 3434 
2980 1684 2863 2869 3267 3270 
3021 1684 2661 2674 2742 2833 2849 2853 2863 2869 2939 3035 3049 3082 3101 3116 3132 3152 3169 3182 3201 3239 3252 3277 3280 3296 3297 3302 3320 3332 3351 3396 3397 3416 3419 3434 
3416 1684 2661 2674 2742 2778 2828 2849 2853 2863 2869 2939 2991 2992 3016 3021 3035 3049 3082 3101 3116 3132 3169 3201 3239 3252 3267 3277 3291 3297 3347 3351 3381 3397 3419 3434 
2661 1684 2674 2708 2719 2742 2778 2780 2828 2833 2849 2853 2863 2869 2875 2894 2937 2939 2950 2991 3021 3035 3049 3060 3076 3082 3101 3116 3132 3152 3169 3172 3179 3182 3185 3198 3201 3239 3252 3261 3272 3274 3277 3280 3291 3296 3297 3302 3320 3330 3332 3335 3347 3350 3351 3353 3381 3396 3397 3411 3416 3419 3434 
1405 1684 2869 
2939 1684 2661 2674 2719 2742 2778 2780 2781 2796 2828 2833 2849 2853 2863 2869 2992 3021 3035 3049 3051 3082 3101 3113 3116 3132 3152 3169 3179 3185 3201 3239 3252 3267 3277 3280 3291 3297 3302 3330 3335 3347 3351 3381 3397 3416 3434 
2936 1684 2719 2733 2748 2753 2796 2828 2833 2869 2937 2992 3035 3051 3060 3082 3101 3113 3145 3152 3170 3172 3198 3261 3267 3272 3291 3298 3302 3320 3330 3332 3347 3378 3386 3396 3397 3403 3434 
2937 1684 2661 2684 2708 2719 2733 2737 2742 2753 2823 2828 2833 2845 2869 2875 2894 2936 2991 2992 3035 3051 3060 3076 3079 3082 3101 3116 3145 3152 3170 3172 3179 3182 3201 3252 3258 3267 3280 3291 3298 3320 3332 3350 3353 3378 3396 3397 3422 3434 
3261 1684 2661 2719 2753 2778 2781 2796 2823 2828 2845 2875 2881 2894 2936 2950 2976 3017 3039 3051 3076 3101 3111 3113 3116 3145 3172 3179 3182 3185 3201 3225 3274 3280 3287 3291 3298 3320 3332 3335 3350 3377 3378 3396 3397 3403 3422 3434 
3152 1684 2661 2674 2684 2733 2742 2780 2783 2828 2833 2849 2863 2869 2936 2937 2939 2950 2991 3017 3021 3035 3049 3051 3060 3076 3082 3101 3116 3132 3169 3172 3182 3185 3198 3201 3204 3239 3252 3258 3274 3280 3291 3296 3297 3313 3320 3330 3332 3335 3347 3350 3351 3353 3378 3396 3397 3411 3419 3434 
3267 1684 2674 2719 2742 2753 2778 2781 2796 2823 2833 2840 2849 2853 2863 2869 2936 2937 2939 2980 2991 2992 3016 3035 3049 3051 3082 3101 3113 3116 3132 3145 3169 3185 3201 3204 3239 3252 3270 3277 3280 3291 3297 3320 3330 3335 3347 3351 3378 3381 3397 3416 3419 
3313 1684 2748 2875 3076 3152 3172 3274 3291 
2833 1684 2661 2674 2719 2778 2796 2828 2849 2863 2869 2875 2894 2936 2937 2939 2991 2992 3017 3021 3035 3049 3051 3060 3076 3079 3082 3101 3113 3116 3132 3152 3179 3182 3185 3201 3239 3258 3267 3272 3277 3280 3291 3297 3298 3320 3330 3332 3347 3350 3351 3381 3396 3397 3411 3434 
3397 1684 2661 2674 2708 2719 2742 2748 2753 2778 2781 2828 2833 2849 2853 2863 2869 2936 2937 2939 2992 3017 3021 3035 3049 3051 3060 3076 3082 3101 3116 3132 3152 3169 3179 3182 3198 3201 3239 3252 3261 3267 3274 3277 3280 3291 3297 3320 3330 3335 3347 3351 3353 3378 3386 3416 3419 3434 
3396 1684 2661 2684 2708 2719 2733 2742 2778 2796 2823 2828 2833 2840 2845 2849 2869 2875 2894 2936 2937 2991 3017 3021 3039 3051 3060 3076 3079 3082 3111 3116 3118 3132 3145 3152 3170 3172 3179 3182 3185 3225 3258 3261 3274 3280 3287 3289 3291 3298 3320 3330 3332 3347 3350 3377 3378 3386 3403 3411 3422 3434 
3016 1684 2674 2778 2796 2853 2863 2869 3082 3113 3169 3239 3252 3267 3270 3277 3416 3419 
3017 1684 2674 2719 2742 2778 2783 2796 2833 2840 2881 2894 2976 2992 3005 3051 3060 3076 3082 3101 3111 3118 3145 3152 3172 3182 3185 3198 3201 3225 3258 3261 3274 3287 3291 3320 3330 3340 3353 3377 3378 3396 3397 3403 3422 3434 
3079 1684 2684 2708 2719 2733 2742 2753 2823 2833 2875 2894 2937 2992 3060 3076 3172 3179 3182 3258 3320 3332 3350 3351 3386 3396 3411 3434 
2674 1684 2661 2742 2778 2781 2796 2828 2833 2849 2853 2863 2869 2939 2991 3016 3017 3021 3035 3049 3051 3082 3101 3113 3116 3132 3145 3152 3169 3179 3185 3201 3204 3239 3252 3267 3277 3280 3291 3296 3297 3330 3347 3350 3351 3381 3397 3416 3419 3434 
3005 1684 2719 2781 2875 2894 3017 3039 3060 3101 3111 3113 3118 3145 3172 3185 3198 3287 3302 3320 3347 3403 3411 
2863 1684 2661 2674 2719 2742 2778 2780 2781 2796 2833 2849 2853 2869 2939 2980 2991 2992 3016 3021 3035 3049 3051 3082 3101 3113 3116 3132 3145 3152 3169 3172 3185 3198 3201 3204 3239 3252 3258 3267 3270 3274 3277 3280 3296 3297 3320 3330 3335 3347 3351 3381 3386 3397 3416 3419 3434 
3298 1684 2708 2719 2733 2737 2742 2778 2828 2833 2845 2936 2937 2976 2992 3051 3060 3076 3111 3112 3113 3116 3170 3172 3179 3182 3261 3280 3287 3320 3332 3350 3378 3381 3396 
3169 1684 2661 2674 2719 2742 2778 2781 2828 2849 2853 2863 2869 2939 2991 2992 3016 3021 3035 3049 3082 3101 3113 3116 3132 3145 3152 3179 3198 3201 3239 3252 3267 3277 3280 3291 3297 3330 3335 3351 3381 3397 3416 3419 3434 
3296 1684 2661 2674 2863 3021 3035 3049 3051 3076 3101 3116 3132 3152 3172 3179 3201 3204 3280 3297 3302 3350 3351 3411 3434 
3297 1684 2661 2674 2719 2742 2778 2780 2781 2796 2833 2849 2853 2863 2869 2939 2991 2992 3021 3035 3049 3082 3101 3113 3116 3132 3145 3152 3169 3179 3182 3185 3201 3204 3239 3252 3267 3277 3280 3291 3296 3330 3335 3351 3381 3397 3416 3419 
3291 1684 2661 2674 2719 2742 2748 2753 2781 2783 2812 2828 2833 2849 2936 2937 2939 2976 2992 3017 3049 3051 3060 3076 3082 3101 3113 3116 3132 3145 3152 3169 3170 3172 3182 3198 3201 3204 3239 3252 3258 3261 3267 3272 3274 3277 3280 3297 3302 3313 3320 3330 3332 3335 3347 3351 3353 3378 3386 3396 3397 3416 3422 3434 
2881 1684 2719 2778 2796 2840 2869 2894 3017 3039 3076 3111 3112 3113 3145 3172 3185 3199 3261 3274 3287 3320 3377 3378 3422 
2684 1684 2708 2737 2823 2875 2894 2937 2976 3051 3060 3076 3079 3152 3172 3179 3182 3258 3320 3332 3350 3396 3434 
2812 1684 2733 2869 3287 3291 3403 
3179 1684 2661 2674 2684 2708 2719 2733 2742 2778 2781 2823 2828 2833 2849 2875 2894 2937 2939 3035 3049 3060 3076 3079 3101 3113 3116 3132 3169 3172 3182 3185 3201 3258 3261 3280 3296 3297 3298 3332 3350 3351 3396 3397 3411 3434 
3289 1666 1684 2869 2976 3076 3302 3396 
3287 1684 2719 2778 2796 2812 2823 2840 2845 2875 2881 2976 3005 3017 3039 3051 3060 3076 3111 3118 3145 3172 3185 3225 3261 3274 3298 3320 3332 3353 3377 3396 3403 3422 
3170 1684 2719 2823 2828 2869 2875 2936 2937 3051 3116 3172 3185 3280 3291 3298 3320 3332 3347 3350 3377 3378 3396 3434 
2950 1684 2661 2748 2780 2869 2976 3035 3060 3076 3101 3113 3116 3152 3172 3182 3185 3198 3258 3261 3272 3280 3320 3335 3351 3411 
3280 1684 2661 2674 2719 2742 2753 2778 2781 2796 2828 2833 2849 2853 2863 2869 2875 2894 2937 2939 2950 2976 2991 2992 3021 3035 3049 3051 3060 3076 3082 3101 3111 3112 3113 3116 3132 3145 3152 3169 3170 3172 3179 3182 3185 3199 3201 3204 3252 3261 3267 3272 3277 3291 3296 3297 3298 3320 3330 3332 3347 3350 3351 3378 3381 3396 3397 3419 3422 3434 
3204 1684 2674 2719 2737 2778 2781 2796 2863 2869 2991 2992 3035 3051 3076 3082 3113 3145 3152 3172 3182 3198 3201 3267 3277 3280 3291 3296 3297 3302 3320 3347 3351 3378 3419 3434 
3201 1684 2661 2674 2719 2742 2778 2780 2781 2796 2828 2833 2849 2853 2863 2869 2937 2939 2991 2992 3017 3021 3035 3049 3051 3060 3076 3082 3101 3113 3116 3132 3145 3152 3169 3172 3179 3185 3198 3204 3239 3252 3261 3267 3272 3277 3280 3291 3296 3297 3320 3330 3347 3350 3351 3378 3381 3397 3411 3416 3419 3434 
3378 1684 2719 2742 2748 2753 2778 2796 2823 2828 2840 2869 2881 2936 2937 2976 2991 2992 3017 3035 3039 3051 3060 3076 3082 3111 3112 3113 3145 3152 3170 3172 3182 3185 3199 3201 3204 3261 3267 3272 3277 3280 3291 3298 3320 3332 3347 3377 3381 3396 3397 3419 
3377 1684 2719 2778 2796 2828 2840 2881 2992 3017 3039 3076 3111 3113 3118 3145 3170 3172 3185 3261 3274 3287 3320 3378 3396 3422 
2894 1684 2661 2684 2708 2719 2733 2742 2778 2781 2796 2823 2833 2849 2853 2875 2881 2937 2991 3005 3017 3035 3049 3060 3076 3079 3111 3112 3116 3145 3172 3179 3182 3185 3198 3225 3258 3261 3274 3280 3320 3332 3350 3381 3396 3403 3411 
2753 1684 2719 2742 2748 2869 2936 2937 2976 2992 3051 3060 3079 3082 3101 3116 3132 3145 3198 3261 3267 3280 3291 3320 3350 3378 3386 3397 3434 
3422 1684 2719 2778 2783 2796 2881 2937 3017 3039 3076 3111 3112 3116 3145 3172 3185 3198 3225 3261 3272 3274 3280 3287 3291 3320 3330 3353 3377 3396 3403 3434 
3272 1684 2661 2733 2778 2828 2833 2875 2936 2950 2976 3060 3076 3082 3113 3116 3172 3182 3185 3201 3274 3280 3291 3320 3347 3350 3351 3378 3381 3422 
2737 1684 2684 2796 2845 2869 2937 2991 3051 3204 3298 
2733 1684 2812 2894 2936 2937 3060 3076 3079 3152 3172 3179 3182 3185 3258 3272 3298 3320 3350 3396 3434 
3060 1684 2661 2684 2719 2733 2742 2748 2753 2778 2781 2783 2796 2823 2828 2833 2840 2845 2869 2875 2894 2936 2937 2950 2976 2991 2992 3005 3017 3051 3076 3079 3082 3101 3111 3112 3113 3116 3132 3145 3152 3172 3179 3182 3185 3199 3201 3258 3272 3280 3287 3291 3298 3320 3330 3332 3347 3350 3378 3381 3396 3397 3403 3411 
3340 1684 2869 3017 
3239 1684 2661 2674 2719 2742 2778 2833 2849 2853 2863 2869 2939 2991 3016 3021 3035 3049 3082 3101 3116 3132 3152 3169 3201 3252 3267 3277 3291 3297 3320 3330 3347 3351 3381 3397 3416 3419 3434 
3434 1684 2661 2674 2684 2708 2719 2733 2753 2778 2781 2796 2823 2828 2833 2849 2863 2936 2937 2939 2976 2991 2992 3017 3021 3035 3049 3051 3076 3079 3082 3101 3111 3113 3116 3132 3152 3169 3170 3172 3179 3182 3185 3198 3199 3201 3204 3239 3252 3258 3261 3277 3280 3291 3296 3320 3330 3332 3335 3347 3351 3353 3381 3386 3396 3397 3411 3416 3419 3422 
3101 1684 2661 2674 2719 2742 2748 2753 2778 2780 2781 2796 2828 2833 2849 2853 2863 2869 2875 2936 2937 2939 2950 2991 2992 3005 3017 3021 3035 3049 3051 3060 3076 3082 3113 3116 3132 3145 3152 3169 3179 3182 3185 3198 3201 3225 3239 3252 3261 3267 3277 3280 3291 3296 3297 3302 3320 3330 3332 3335 3347 3350 3351 3353 3381 3397 3403 3411 3416 3419 3434 
3185 1684 2661 2674 2719 2733 2742 2778 2783 2796 2828 2833 2840 2849 2863 2875 2881 2894 2939 2950 2976 2991 3005 3017 3035 3039 3049 3051 3060 3076 3082 3101 3111 3112 3116 3132 3145 3152 3170 3172 3179 3182 3198 3201 3225 3261 3267 3272 3274 3277 3280 3287 3297 3320 3335 3347 3350 3351 3377 3378 3396 3403 3411 3419 3422 3434 
2742 1684 2661 2674 2719 2748 2753 2778 2780 2781 2796 2828 2849 2863 2869 2875 2894 2937 2939 2991 2992 3017 3021 3035 3049 3051 3060 3076 3079 3082 3101 3116 3132 3152 3169 3172 3179 3182 3185 3198 3199 3201 3239 3252 3258 3267 3277 3280 3291 3297 3298 3320 3330 3332 3335 3347 3350 3351 3378 3396 3397 3411 3416 3419 
3182 1684 2661 2684 2708 2719 2733 2742 2778 2781 2783 2823 2833 2875 2894 2937 2950 2976 3017 3021 3035 3051 3060 3076 3079 3082 3101 3113 3116 3145 3152 3172 3179 3185 3198 3204 3225 3258 3261 3272 3274 3280 3291 3297 3298 3320 3332 3350 3351 3353 3378 3386 3396 3397 3411 3434 
2748 1684 2742 2753 2780 2853 2869 2936 2950 2976 2991 3049 3051 3060 3076 3082 3101 3116 3198 3252 3274 3291 3302 3313 3320 3335 3350 3378 3386 3397 3411 
2875 1684 2661 2684 2708 2719 2742 2778 2823 2828 2833 2849 2894 2937 2976 3005 3060 3076 3079 3101 3111 3116 3170 3172 3179 3182 3185 3258 3261 3272 3280 3287 3302 3313 3320 3332 3335 3350 3386 3396 3411 
3351 1684 2661 2674 2719 2742 2778 2780 2781 2796 2828 2833 2849 2853 2863 2869 2939 2950 2991 3021 3035 3049 3051 3079 3082 3101 3113 3116 3132 3145 3152 3169 3172 3179 3182 3185 3198 3201 3204 3239 3252 3267 3272 3277 3280 3291 3296 3297 3302 3330 3335 3347 3381 3397 3416 3419 3434 
3350 1684 2661 2674 2684 2708 2719 2733 2742 2748 2753 2778 2781 2796 2823 2828 2833 2849 2869 2875 2894 2937 2991 3049 3051 3060 3076 3079 3082 3101 3111 3113 3116 3132 3145 3152 3170 3172 3179 3182 3185 3201 3258 3261 3272 3274 3280 3296 3298 3302 3320 3332 3335 3347 3381 3386 3396 3411 
3353 1684 2661 2719 2783 2937 3017 3035 3051 3076 3101 3111 3118 3152 3172 3182 3198 3274 3287 3291 3320 3332 3386 3397 3403 3422 3434 
2976 1684 2684 2719 2748 2753 2783 2840 2875 2950 3017 3060 3076 3111 3118 3172 3182 3185 3258 3261 3272 3280 3287 3289 3291 3298 3320 3378 3386 3403 3434 
3051 1684 2674 2684 2708 2719 2737 2742 2748 2753 2778 2796 2823 2828 2833 2845 2863 2869 2936 2937 2939 2991 2992 3017 3035 3060 3082 3101 3113 3116 3132 3145 3152 3170 3172 3182 3185 3198 3201 3204 3252 3261 3267 3274 3277 3280 3287 3291 3296 3298 3320 3330 3332 3347 3350 3351 3353 3378 3381 3386 3396 3397 3419 3434 
3118 1684 2778 2823 2840 2845 2976 3005 3017 3111 3145 3172 3287 3320 3332 3353 3377 3386 3396 3403 
3225 1684 2719 2778 2840 2894 3017 3039 3076 3101 3111 3172 3182 3185 3261 3274 3287 3320 3386 3396 3403 3422 
3116 1684 2661 2674 2719 2742 2748 2753 2778 2780 2781 2828 2833 2849 2853 2863 2869 2875 2894 2937 2939 2950 2991 3021 3035 3049 3051 3060 3076 3082 3101 3132 3152 3169 3170 3179 3182 3185 3198 3201 3239 3252 3258 3261 3267 3272 3280 3291 3296 3297 3298 3302 3320 3330 3332 3335 3347 3350 3351 3381 3396 3397 3411 3416 3419 3422 3434 
3113 1684 2674 2719 2778 2781 2796 2828 2833 2853 2863 2869 2881 2936 2939 2950 2991 2992 3005 3016 3035 3049 3051 3060 3076 3082 3101 3132 3145 3169 3179 3182 3198 3201 3204 3252 3261 3267 3272 3277 3280 3291 3297 3298 3320 3335 3347 3350 3351 3377 3378 3381 3419 3434 
3112 1684 2778 2840 2881 2894 3060 3172 3185 3280 3298 3378 3422 
3111 1666 1684 2719 2778 2796 2840 2875 2881 2894 2976 3005 3017 3039 3060 3076 3118 3145 3172 3185 3225 3261 3274 3280 3287 3298 3302 3320 3350 3353 3377 3378 3396 3403 3422 3434 
1684 1405 1666 2661 2674 2684 2708 2719 2733 2737 2742 2748 2753 2778 2780 2781 2783 2796 2812 2823 2828 2833 2840 2845 2849 2853 2863 2869 2875 2881 2894 2936 2937 2939 2950 2976 2980 2991 2992 3005 3016 3017 3021 3035 3039 3049 3051 3060 3076 3079 3082 3101 3111 3112 3113 3116 3118 3132 3145 3152 3169 3170 3172 3179 3182 3185 3198 3199 3201 3204 3225 3239 3252 3258 3261 3267 3270 3272 3274 3277 3280 3287 3289 3291 3296 3297 3298 3302 3313 3320 3330 3332 3335 3340 3347 3350 3351 3353 3377 3378 3381 3386 3396 3397 3403 3411 3416 3419 3422 3434 
3199 1684 2742 2778 2796 2869 2881 2992 3039 3060 3076 3145 3172 3198 3280 3320 3330 3378 3434 
3198 1684 2661 2742 2748 2753 2780 2783 2863 2894 2936 2950 3005 3017 3035 3051 3082 3101 3113 3116 3152 3169 3172 3182 3185 3199 3201 3204 3252 3291 3330 3347 3351 3353 3397 3411 3419 3422 3434 
