3545 3437 3438 3440 3448 3449 3450 3452 3456 3471 3475 3480 3488 3491 3495 3497 3501 3514 3518 3527 3528 3542 3557 3559 3576 3577 3578 3586 3596 3604 3605 3611 3627 3633 3640 3642 3651 3654 3672 3674 3677 3681 3684 3687 3697 3702 3703 3722 3730 3731 3734 3737 3755 3756 3785 3788 3790 3800 3804 3824 3828 3830 3831 3838 3841 3842 3845 3851 3852 3858 3860 3884 3889 3891 3902 3913 3926 3930 3938 3943 3962 3966 3968 3971 
3542 3437 3488 3497 3514 3518 3527 3528 3543 3545 3559 3596 3604 3611 3628 3635 3658 3672 3687 3702 3707 3730 3790 3800 3804 3817 3824 3838 3852 3902 3926 3930 3940 3966 
3800 3437 3448 3449 3456 3488 3501 3514 3518 3527 3528 3542 3545 3557 3576 3577 3586 3596 3604 3605 3611 3633 3635 3640 3658 3677 3687 3702 3730 3731 3734 3737 3756 3785 3790 3804 3824 3830 3838 3851 3913 3926 3938 3943 3962 
3926 3437 3475 3488 3497 3514 3527 3528 3542 3545 3559 3576 3596 3604 3605 3611 3635 3640 3672 3684 3687 3703 3730 3731 3755 3790 3800 3804 3824 3830 3838 3852 3858 3884 3891 3902 3930 3938 3943 3966 3968 3971 
3497 3437 3450 3518 3527 3528 3542 3543 3545 3576 3596 3604 3611 3658 3672 3707 3790 3804 3824 3838 3852 3902 3926 3940 3966 
3495 3437 3440 3448 3449 3456 3501 3545 3577 3586 3596 3633 3651 3684 3687 3697 3734 3756 3824 3830 3831 3842 3851 3860 3884 3930 3938 3943 3962 3968 3971 
3491 3437 3438 3448 3449 3480 3545 3586 3611 3684 3788 3838 3842 3845 3851 3938 3962 3966 3968 3971 
3658 3437 3452 3488 3497 3542 3576 3596 3604 3642 3731 3756 3785 3800 3828 3891 3966 
3654 3437 3456 3545 3633 3697 3703 3755 3804 3824 3830 3930 3938 
3651 3437 3449 3456 3480 3495 3501 3545 3577 3586 3633 3674 3677 3734 3756 3824 3828 3830 3841 3851 3858 3884 3938 
3557 3437 3456 3488 3514 3518 3527 3528 3545 3596 3604 3611 3627 3635 3640 3642 3687 3702 3730 3731 3737 3790 3800 3804 3824 3828 3838 3858 3860 3938 
3790 3437 3450 3488 3497 3514 3518 3528 3542 3545 3557 3576 3578 3596 3604 3605 3611 3627 3635 3640 3681 3687 3702 3730 3731 3737 3800 3804 3824 3828 3830 3838 3845 3851 3858 3860 3884 3902 3913 3926 3938 
3559 3437 3488 3528 3542 3545 3576 3604 3627 3681 3731 3804 3831 3838 3884 3891 3902 3926 3930 
3852 3437 3471 3475 3497 3542 3545 3604 3611 3672 3684 3838 3902 3926 3966 3971 
3528 3437 3450 3488 3497 3514 3518 3527 3542 3545 3557 3559 3576 3596 3604 3605 3611 3627 3640 3681 3687 3702 3707 3730 3737 3790 3800 3804 3824 3838 3858 3860 3926 3930 3938 
3851 3437 3438 3440 3448 3449 3456 3471 3475 3491 3495 3501 3527 3545 3577 3586 3596 3604 3611 3633 3651 3672 3674 3677 3684 3734 3756 3790 3800 3817 3830 3831 3838 3841 3842 3845 3889 3938 3943 3966 3968 3971 
3858 3437 3456 3488 3514 3518 3528 3545 3557 3576 3578 3596 3604 3611 3640 3651 3687 3697 3731 3737 3785 3790 3804 3824 3830 3860 3884 3913 3926 3930 3938 
3488 3437 3452 3475 3514 3518 3527 3528 3542 3545 3557 3559 3576 3596 3604 3605 3611 3627 3640 3658 3672 3687 3702 3707 3730 3731 3737 3790 3800 3804 3824 3830 3838 3845 3858 3860 3884 3891 3902 3913 3926 3930 3938 3966 
3830 3437 3448 3449 3456 3480 3488 3495 3501 3514 3518 3545 3576 3577 3578 3586 3596 3604 3605 3611 3633 3635 3651 3654 3674 3684 3687 3697 3702 3703 3734 3755 3756 3790 3800 3804 3824 3831 3841 3842 3851 3858 3860 3902 3913 3926 3930 3943 3962 3966 3968 3971 
3831 3437 3456 3495 3545 3559 3684 3697 3703 3817 3824 3830 3842 3851 3884 3938 3968 3971 
3480 3437 3438 3449 3491 3545 3586 3604 3633 3651 3674 3677 3684 3734 3756 3830 3841 3938 3968 3971 
3838 3437 3448 3449 3450 3452 3471 3475 3488 3491 3497 3514 3518 3527 3528 3542 3545 3557 3559 3576 3578 3596 3604 3605 3611 3635 3640 3642 3672 3687 3702 3707 3737 3790 3800 3804 3824 3828 3845 3851 3852 3860 3884 3891 3902 3926 3930 3938 3940 3943 3966 3971 
3930 3437 3448 3450 3471 3475 3488 3495 3527 3528 3542 3545 3559 3576 3586 3596 3611 3635 3642 3654 3672 3677 3707 3737 3804 3830 3838 3858 3860 3884 3891 3902 3926 3938 
3642 3437 3448 3450 3475 3545 3557 3576 3577 3596 3640 3658 3730 3731 3737 3828 3838 3860 3930 3938 
3640 3437 3448 3488 3514 3518 3528 3545 3557 3576 3578 3596 3604 3605 3611 3627 3635 3642 3687 3702 3707 3730 3731 3734 3737 3785 3790 3800 3804 3824 3828 3838 3858 3860 3884 3926 3938 
3841 3437 3448 3449 3456 3480 3501 3545 3577 3586 3596 3604 3633 3651 3674 3677 3684 3734 3756 3788 3830 3851 3938 3962 
3842 3437 3438 3440 3456 3475 3491 3495 3501 3545 3577 3611 3633 3684 3697 3703 3817 3830 3831 3851 3938 3966 3968 3971 
3845 3437 3448 3471 3475 3488 3491 3545 3604 3611 3672 3702 3790 3804 3838 3851 3891 3902 3966 
3824 3437 3452 3456 3488 3495 3497 3501 3514 3518 3528 3542 3545 3557 3576 3578 3596 3605 3611 3627 3633 3640 3651 3654 3687 3697 3702 3730 3731 3734 3737 3756 3790 3800 3804 3830 3831 3838 3858 3860 3884 3902 3913 3926 3938 3966 
3940 3437 3471 3475 3497 3542 3543 3672 3838 3902 3966 
3687 3437 3456 3488 3495 3514 3518 3528 3542 3545 3557 3596 3604 3605 3633 3640 3702 3730 3731 3737 3790 3800 3804 3824 3830 3838 3858 3860 3884 3926 3938 3966 
3943 3437 3448 3449 3456 3495 3501 3545 3577 3596 3604 3633 3677 3756 3800 3830 3838 3851 3889 3926 3938 
3828 3437 3448 3475 3514 3545 3557 3576 3577 3578 3596 3604 3605 3633 3640 3642 3651 3658 3677 3684 3707 3756 3790 3838 3860 3938 3966 
3672 3437 3450 3471 3475 3488 3497 3514 3527 3542 3545 3596 3604 3605 3611 3684 3702 3707 3737 3785 3804 3838 3845 3851 3852 3891 3902 3926 3930 3938 3940 3962 3966 
3677 3437 3438 3448 3449 3456 3480 3501 3545 3577 3586 3596 3604 3633 3651 3674 3684 3697 3734 3756 3788 3800 3828 3841 3851 3930 3938 3943 3962 3968 
3674 3437 3449 3456 3480 3501 3514 3545 3577 3586 3596 3604 3633 3651 3677 3734 3756 3788 3830 3841 3851 3938 3962 
3475 3437 3448 3471 3488 3501 3543 3545 3586 3611 3642 3672 3684 3702 3828 3838 3842 3845 3851 3852 3902 3926 3930 3938 3940 3966 3971 
3471 3437 3448 3475 3543 3545 3611 3672 3684 3702 3838 3845 3851 3852 3902 3930 3938 3940 3966 3971 
3577 3437 3448 3449 3456 3495 3501 3545 3576 3586 3596 3604 3611 3633 3642 3651 3674 3677 3684 3734 3756 3800 3828 3830 3841 3842 3851 3889 3938 3943 3962 3968 
3576 3437 3440 3452 3488 3497 3528 3543 3545 3559 3577 3596 3604 3605 3611 3640 3642 3658 3702 3707 3731 3756 3785 3790 3800 3824 3828 3830 3838 3858 3860 3891 3902 3926 3930 3938 3966 
3938 3437 3438 3440 3448 3449 3456 3471 3475 3480 3488 3491 3495 3501 3514 3518 3527 3528 3545 3557 3576 3577 3578 3586 3596 3604 3605 3611 3633 3635 3640 3642 3651 3654 3672 3674 3677 3684 3687 3697 3702 3703 3731 3734 3737 3756 3790 3800 3804 3824 3828 3831 3838 3841 3842 3851 3858 3860 3884 3889 3902 3926 3930 3943 3962 3966 3968 3971 
3817 3437 3542 3611 3684 3831 3842 3851 3971 
3586 3437 3438 3448 3449 3456 3475 3480 3491 3495 3501 3545 3577 3596 3604 3633 3651 3674 3677 3684 3697 3734 3756 3788 3800 3830 3841 3851 3889 3930 3938 3971 
3501 3437 3438 3440 3448 3449 3456 3475 3495 3545 3577 3586 3596 3604 3633 3651 3674 3677 3684 3734 3756 3800 3824 3830 3841 3842 3851 3884 3889 3938 3943 3962 3968 3971 
3611 3437 3448 3452 3471 3475 3488 3491 3497 3514 3518 3527 3528 3542 3545 3557 3576 3577 3578 3596 3604 3605 3633 3635 3640 3672 3731 3734 3737 3785 3790 3800 3804 3817 3824 3830 3838 3842 3845 3851 3852 3858 3860 3891 3902 3913 3926 3930 3938 3966 3971 
3596 3437 3440 3448 3449 3450 3452 3456 3488 3495 3497 3501 3514 3518 3528 3542 3545 3557 3576 3577 3578 3586 3604 3605 3611 3627 3633 3635 3640 3642 3658 3672 3674 3677 3681 3684 3687 3702 3730 3731 3734 3737 3756 3785 3788 3790 3800 3804 3824 3828 3830 3838 3841 3851 3858 3860 3884 3889 3902 3913 3926 3930 3938 3943 3962 3966 3971 
3804 3437 3448 3450 3456 3488 3497 3514 3518 3527 3528 3542 3545 3557 3559 3578 3596 3604 3605 3611 3627 3633 3635 3640 3654 3672 3681 3687 3702 3730 3731 3737 3790 3800 3824 3830 3838 3845 3858 3860 3884 3902 3913 3926 3930 3938 
3755 3437 3440 3545 3654 3703 3830 3926 3971 
3756 3437 3448 3449 3456 3480 3495 3501 3545 3576 3577 3586 3596 3604 3605 3633 3651 3658 3674 3677 3684 3697 3707 3734 3785 3800 3824 3828 3830 3841 3851 3884 3889 3938 3943 3962 3968 
3697 3437 3440 3448 3456 3495 3545 3586 3654 3677 3684 3756 3824 3830 3831 3842 3858 3884 3938 3971 
3452 3437 3488 3545 3576 3596 3611 3658 3824 3838 3891 3902 3966 
3450 3437 3497 3528 3545 3596 3604 3605 3642 3672 3730 3731 3737 3790 3804 3838 3860 3913 3930 
3518 3437 3488 3497 3514 3528 3542 3545 3557 3578 3596 3604 3605 3611 3635 3640 3687 3702 3707 3730 3737 3790 3800 3804 3824 3830 3838 3858 3860 3902 3938 
3456 3437 3438 3448 3449 3495 3501 3514 3545 3557 3577 3586 3596 3604 3633 3651 3654 3674 3677 3687 3697 3703 3734 3756 3800 3804 3824 3830 3831 3841 3842 3851 3858 3884 3938 3943 3962 3968 3971 
3514 3437 3456 3488 3518 3528 3542 3545 3557 3578 3596 3604 3605 3611 3627 3633 3635 3640 3672 3674 3687 3707 3730 3737 3790 3800 3804 3824 3828 3830 3838 3858 3860 3884 3913 3926 3938 3966 
3891 3437 3452 3488 3545 3559 3576 3611 3658 3672 3702 3707 3731 3838 3845 3902 3926 3930 3966 
3860 3437 3448 3450 3488 3495 3514 3518 3528 3545 3557 3576 3578 3596 3604 3605 3611 3633 3640 3642 3687 3731 3737 3785 3790 3804 3824 3828 3830 3838 3858 3884 3902 3913 3930 3938 3966 
3605 3437 3450 3488 3514 3518 3528 3543 3545 3576 3596 3604 3611 3635 3640 3672 3687 3702 3707 3730 3731 3737 3756 3785 3790 3800 3804 3824 3828 3830 3838 3860 3926 3938 
3604 3437 3448 3449 3450 3456 3480 3488 3497 3501 3514 3518 3527 3528 3542 3545 3557 3559 3576 3577 3578 3586 3596 3605 3611 3627 3633 3635 3640 3658 3672 3674 3677 3687 3730 3731 3734 3737 3756 3788 3790 3800 3804 3828 3830 3838 3841 3845 3851 3852 3858 3860 3889 3902 3913 3926 3938 3943 3962 3966 
3527 3437 3448 3488 3497 3528 3542 3545 3557 3604 3611 3672 3702 3707 3785 3800 3804 3838 3851 3902 3926 3930 3938 3966 
3722 3437 3545 
3884 3437 3456 3488 3495 3501 3514 3545 3559 3596 3633 3640 3651 3687 3697 3731 3734 3737 3756 3790 3804 3824 3831 3838 3858 3860 3902 3926 3930 3938 3968 3971 
3449 3437 3438 3448 3456 3480 3491 3495 3501 3545 3577 3586 3596 3604 3633 3651 3674 3677 3684 3734 3737 3756 3788 3800 3830 3838 3841 3851 3889 3938 3943 3962 3971 
3448 3437 3438 3449 3456 3471 3475 3491 3495 3501 3527 3545 3577 3586 3596 3604 3611 3633 3640 3642 3677 3684 3697 3734 3737 3756 3800 3804 3828 3830 3838 3841 3845 3851 3860 3889 3930 3938 3943 3966 
3681 3437 3528 3545 3559 3596 3627 3707 3790 3804 
3543 3437 3471 3475 3497 3542 3576 3605 3940 
3889 3437 3448 3449 3501 3545 3577 3586 3596 3604 3633 3756 3851 3938 3943 
3440 3437 3495 3501 3545 3576 3596 3633 3684 3697 3703 3734 3755 3842 3851 3938 3968 3971 
3684 3437 3440 3448 3449 3471 3475 3480 3491 3495 3501 3545 3577 3586 3596 3633 3672 3677 3697 3702 3734 3756 3817 3828 3830 3831 3841 3842 3851 3852 3902 3926 3938 3962 3966 3968 3971 
3966 3437 3448 3452 3471 3475 3488 3491 3497 3514 3527 3542 3545 3576 3596 3604 3611 3658 3672 3684 3687 3702 3731 3737 3785 3824 3828 3830 3838 3842 3845 3851 3852 3860 3891 3902 3926 3938 3940 3971 
3962 3437 3449 3456 3491 3495 3501 3545 3577 3596 3604 3628 3633 3672 3674 3677 3684 3734 3756 3800 3830 3841 3938 3968 
3968 3437 3440 3456 3480 3491 3495 3501 3545 3577 3633 3677 3684 3703 3734 3756 3830 3831 3842 3851 3884 3926 3938 3962 3971 
3902 3437 3452 3471 3475 3488 3497 3518 3527 3542 3545 3559 3576 3596 3604 3611 3672 3684 3702 3703 3731 3790 3804 3824 3830 3838 3845 3852 3860 3884 3891 3926 3930 3938 3940 3966 
3635 3437 3514 3518 3542 3557 3596 3604 3605 3611 3627 3640 3702 3730 3731 3790 3800 3804 3830 3838 3926 3930 3938 
3633 3437 3438 3440 3448 3449 3456 3480 3495 3501 3514 3545 3577 3578 3586 3596 3604 3611 3651 3654 3674 3677 3684 3687 3734 3756 3788 3800 3804 3824 3828 3830 3841 3842 3851 3860 3884 3889 3938 3943 3962 3968 3971 
3737 3437 3448 3449 3450 3488 3514 3518 3528 3545 3557 3578 3596 3604 3605 3611 3640 3642 3672 3687 3702 3707 3730 3734 3790 3800 3804 3824 3838 3858 3860 3884 3930 3938 3966 
3734 3437 3438 3440 3448 3449 3456 3480 3495 3501 3545 3577 3586 3596 3604 3611 3633 3640 3651 3674 3677 3684 3737 3756 3788 3800 3824 3830 3841 3851 3884 3938 3962 3968 3971 
3731 3437 3450 3488 3545 3557 3559 3576 3578 3596 3604 3605 3611 3635 3640 3642 3658 3687 3702 3707 3730 3785 3790 3800 3804 3824 3858 3860 3884 3891 3902 3913 3926 3938 3966 
3730 3437 3450 3488 3514 3518 3528 3542 3545 3557 3578 3596 3604 3605 3627 3635 3640 3642 3687 3707 3731 3737 3790 3800 3804 3824 3913 3926 
3438 3437 3448 3449 3456 3480 3491 3501 3545 3586 3633 3677 3734 3842 3851 3938 3971 
3437 3438 3440 3448 3449 3450 3452 3456 3471 3475 3480 3488 3491 3495 3497 3501 3514 3518 3527 3528 3542 3543 3545 3557 3559 3576 3577 3578 3586 3596 3604 3605 3611 3627 3628 3633 3635 3640 3642 3651 3654 3658 3672 3674 3677 3681 3684 3687 3697 3702 3703 3707 3722 3730 3731 3734 3737 3755 3756 3785 3788 3790 3800 3804 3817 3824 3828 3830 3831 3838 3841 3842 3845 3851 3852 3858 3860 3884 3889 3891 3902 3913 3926 3930 3938 3940 3943 3962 3966 3968 3971 
3971 3437 3438 3440 3449 3456 3471 3475 3480 3491 3495 3501 3545 3586 3596 3611 3633 3684 3697 3703 3734 3755 3817 3830 3831 3838 3842 3851 3852 3884 3926 3938 3966 3968 
3628 3437 3542 3962 
3913 3437 3450 3488 3514 3545 3596 3604 3611 3707 3730 3731 3790 3800 3804 3824 3830 3858 3860 
3627 3437 3488 3514 3528 3545 3557 3559 3596 3604 3635 3640 3681 3702 3707 3730 3790 3804 3824 
3702 3437 3471 3475 3488 3518 3527 3528 3542 3545 3557 3576 3596 3605 3627 3635 3640 3672 3684 3687 3731 3737 3790 3800 3804 3824 3830 3838 3845 3891 3902 3938 3966 
3703 3437 3440 3456 3545 3654 3755 3830 3831 3842 3902 3926 3938 3968 3971 
3707 3437 3488 3497 3514 3518 3527 3528 3542 3576 3605 3627 3640 3672 3681 3730 3731 3737 3756 3785 3828 3838 3891 3913 3930 
3578 3437 3514 3518 3545 3596 3604 3611 3633 3640 3730 3731 3737 3790 3804 3824 3828 3830 3838 3858 3860 3938 
3785 3437 3527 3545 3576 3596 3605 3611 3640 3658 3672 3707 3731 3756 3800 3858 3860 3966 
3788 3437 3449 3491 3545 3586 3596 3604 3633 3674 3677 3734 3841 
