3490 3437 3446 3531 3546 3549 3580 3585 3624 3662 3682 3771 3814 3863 3894 3905 
3894 3437 3447 3490 3546 3580 3679 3806 3863 3963 
3863 3437 3446 3490 3531 3546 3549 3585 3624 3662 3679 3894 
3580 3437 3446 3447 3490 3546 3585 3679 3894 3905 
3905 3437 3490 3549 3580 3624 3662 3679 3806 
3546 3437 3446 3490 3531 3549 3580 3624 3662 3679 3863 3894 3963 
3806 3437 3624 3679 3894 3905 3963 
3585 3437 3446 3490 3549 3580 3679 3863 
3814 3437 3446 3490 3549 3624 3662 3682 
3662 3437 3446 3490 3531 3546 3549 3624 3682 3814 3863 3905 
3682 3437 3447 3490 3549 3662 3814 
3447 3437 3580 3624 3679 3682 3894 
3446 3437 3490 3531 3546 3549 3580 3585 3624 3662 3814 3863 
3771 3437 3490 3531 
3624 3437 3446 3447 3490 3546 3549 3662 3679 3806 3814 3863 3905 
3531 3437 3446 3490 3546 3549 3662 3771 3863 
3679 3437 3447 3546 3580 3585 3624 3806 3863 3894 3905 3963 
3437 3446 3447 3490 3531 3546 3549 3580 3585 3624 3662 3679 3682 3771 3806 3814 3863 3894 3905 3963 
3549 3437 3446 3490 3531 3546 3585 3624 3662 3682 3814 3863 3905 
3963 3437 3546 3679 3806 3894 
