2985 1684 2666 2669 2676 2679 2698 2717 2750 2755 2777 2782 2786 2827 2839 2862 2864 2866 2872 2877 2890 2897 2905 2906 2910 2911 2912 2913 2916 2919 2927 2928 2940 2956 2960 2966 2986 2993 2994 3022 3033 3040 3047 3052 3054 3064 3078 3108 3142 3149 3174 3226 3232 3284 3301 3339 3348 3363 3387 3399 3426 
2839 1684 2664 2666 2669 2673 2676 2679 2680 2681 2683 2689 2694 2695 2698 2705 2706 2717 2738 2741 2743 2745 2746 2749 2750 2754 2755 2756 2757 2761 2763 2777 2782 2786 2800 2806 2810 2815 2827 2835 2852 2862 2864 2866 2867 2872 2877 2880 2890 2896 2905 2906 2907 2908 2909 2910 2911 2912 2913 2916 2919 2920 2924 2925 2927 2928 2940 2943 2944 2945 2946 2948 2956 2960 2966 2967 2969 2974 2981 2985 2986 3000 3004 3022 3023 3025 3026 3029 3033 3040 3052 3054 3056 3064 3065 3073 3078 3085 3096 3098 3104 3108 3117 3119 3135 3142 3149 3158 3163 3174 3184 3193 3195 3202 3213 3220 3226 3228 3232 3234 3237 3238 3250 3284 3286 3293 3304 3324 3339 3348 3362 3363 3364 3387 3414 3417 3426 3433 
3348 1684 2664 2666 2669 2676 2680 2689 2694 2698 2717 2749 2750 2754 2755 2777 2782 2800 2827 2835 2839 2864 2866 2872 2877 2880 2890 2896 2905 2909 2910 2911 2912 2913 2916 2919 2920 2925 2927 2940 2943 2944 2960 2966 2969 2985 2986 2994 3000 3022 3026 3033 3040 3047 3052 3054 3056 3064 3078 3085 3096 3098 3108 3149 3158 3174 3195 3226 3228 3232 3238 3284 3293 3339 3363 3387 3426 
2967 1684 2664 2695 2706 2763 2806 2839 2877 2880 2909 3004 3023 3054 3213 3234 3324 3363 3426 
2966 1684 2664 2666 2669 2676 2679 2680 2683 2689 2694 2698 2706 2717 2745 2750 2754 2755 2757 2761 2777 2782 2786 2800 2815 2827 2839 2862 2864 2866 2872 2877 2880 2897 2905 2906 2910 2911 2912 2913 2916 2925 2927 2928 2940 2943 2944 2956 2960 2985 2986 2993 2994 3000 3022 3026 3033 3040 3047 3052 3054 3056 3065 3078 3085 3096 3098 3104 3108 3117 3119 3142 3149 3158 3163 3174 3195 3226 3232 3237 3238 3250 3284 3301 3339 3348 3362 3363 3387 3399 3417 3426 
2717 1684 2664 2666 2676 2689 2694 2754 2755 2757 2777 2782 2815 2827 2839 2864 2866 2867 2872 2877 2897 2905 2910 2911 2912 2913 2916 2920 2925 2940 2956 2966 2985 2986 3022 3033 3047 3056 3064 3065 3078 3085 3096 3098 3108 3142 3174 3195 3226 3250 3339 3348 3363 3387 3426 
2969 1684 2664 2669 2676 2679 2681 2689 2698 2705 2706 2738 2741 2749 2750 2754 2757 2777 2782 2786 2800 2815 2827 2839 2862 2864 2877 2896 2909 2910 2913 2916 2919 2920 2925 2943 2944 2946 2956 2960 2974 2986 3000 3033 3054 3056 3065 3078 3085 3096 3098 3104 3108 3117 3184 3195 3220 3284 3301 3304 3324 3339 3348 3362 3364 3387 3426 
3022 1684 2664 2666 2669 2676 2680 2689 2694 2698 2717 2745 2749 2750 2754 2755 2757 2777 2782 2786 2815 2827 2839 2862 2866 2867 2872 2877 2880 2896 2905 2906 2908 2909 2911 2912 2916 2925 2927 2943 2944 2956 2960 2966 2985 2986 3004 3025 3026 3033 3040 3047 3052 3054 3064 3078 3096 3098 3108 3117 3142 3149 3174 3184 3195 3226 3232 3284 3339 3348 3362 3363 3387 3426 
3417 1684 2679 2683 2689 2694 2698 2706 2738 2741 2743 2749 2754 2755 2756 2757 2763 2777 2786 2800 2806 2810 2827 2835 2839 2862 2864 2867 2880 2890 2906 2907 2910 2912 2913 2916 2919 2920 2927 2928 2940 2943 2944 2945 2956 2960 2966 2974 2986 2993 2994 3000 3004 3026 3029 3047 3073 3104 3119 3135 3158 3184 3213 3220 3226 3232 3286 3324 3339 3362 3363 3364 3387 3433 
3414 1684 2673 2706 2757 2761 2763 2806 2839 2928 2948 2960 3023 3184 3193 3286 3324 3363 
3324 1684 2664 2669 2673 2679 2681 2683 2689 2694 2698 2706 2745 2750 2754 2755 2757 2761 2763 2782 2786 2800 2806 2835 2839 2862 2864 2866 2867 2877 2890 2896 2905 2906 2909 2912 2913 2920 2925 2927 2944 2948 2956 2960 2967 2969 2994 3004 3023 3026 3052 3054 3104 3119 3142 3184 3193 3202 3213 3220 3228 3232 3234 3237 3284 3286 3304 3339 3362 3363 3414 3417 3426 
3040 1684 2664 2666 2669 2676 2750 2755 2757 2782 2800 2815 2827 2839 2866 2872 2877 2906 2908 2911 2916 2925 2927 2956 2960 2966 2985 2994 3022 3033 3047 3064 3065 3096 3098 3108 3117 3142 3149 3174 3195 3226 3232 3284 3339 3348 3362 3387 3399 3426 
3047 1684 2666 2669 2676 2698 2717 2749 2750 2755 2782 2866 2872 2877 2890 2905 2906 2909 2911 2912 2913 2916 2927 2956 2960 2966 2985 2986 2993 2994 3022 3026 3040 3064 3078 3096 3098 3142 3149 3226 3232 3339 3348 3387 3417 3426 
2960 1684 2664 2669 2676 2679 2680 2694 2698 2706 2738 2745 2749 2750 2754 2755 2757 2763 2777 2782 2786 2800 2810 2835 2839 2862 2864 2867 2877 2880 2897 2906 2908 2909 2910 2911 2916 2919 2920 2924 2925 2927 2928 2940 2943 2944 2945 2956 2966 2969 2974 2985 2986 3000 3004 3022 3033 3040 3047 3056 3064 3065 3073 3078 3096 3104 3108 3117 3119 3149 3158 3174 3184 3226 3228 3232 3250 3284 3324 3348 3363 3364 3387 3399 3414 3417 3426 3433 
2741 1684 2679 2681 2683 2738 2743 2754 2777 2786 2806 2839 2862 2867 2890 2896 2910 2916 2924 2927 2928 2945 2956 2969 2986 2993 2994 3000 3026 3054 3056 3078 3085 3098 3174 3184 3193 3220 3228 3234 3238 3293 3399 3417 3433 
3250 1684 2664 2666 2676 2694 2717 2754 2755 2782 2800 2815 2839 2864 2866 2872 2877 2909 2910 2911 2912 2913 2916 2925 2960 2966 3033 3078 3085 3108 3142 3195 3363 3387 
2910 1684 2664 2669 2679 2689 2694 2698 2706 2717 2741 2746 2750 2754 2755 2777 2782 2786 2800 2806 2810 2815 2827 2839 2862 2864 2866 2867 2872 2877 2880 2890 2897 2905 2906 2909 2911 2913 2916 2919 2920 2925 2927 2928 2940 2943 2944 2945 2956 2960 2966 2969 2974 2985 2986 3000 3033 3054 3056 3064 3065 3073 3078 3108 3117 3119 3174 3195 3220 3226 3232 3250 3284 3348 3363 3364 3417 3426 3433 
2911 1684 2669 2676 2679 2680 2698 2706 2717 2738 2749 2750 2754 2755 2757 2777 2782 2815 2827 2839 2864 2866 2872 2877 2906 2908 2909 2910 2912 2913 2916 2919 2920 2925 2940 2956 2960 2966 2974 2985 2986 3004 3022 3033 3040 3047 3054 3064 3065 3078 3096 3098 3108 3149 3195 3202 3226 3228 3232 3250 3284 3339 3348 3363 3387 3399 3426 
2912 1684 2664 2666 2669 2673 2676 2694 2698 2717 2750 2754 2755 2757 2763 2777 2782 2786 2800 2806 2815 2839 2862 2866 2872 2877 2890 2897 2905 2909 2911 2913 2919 2927 2940 2956 2966 2985 2986 3004 3022 3026 3033 3047 3064 3078 3098 3142 3226 3232 3250 3324 3339 3348 3363 3399 3417 3426 
2913 1684 2666 2669 2676 2694 2698 2717 2750 2755 2763 2782 2786 2800 2827 2839 2862 2866 2867 2872 2877 2890 2905 2906 2909 2910 2911 2912 2916 2919 2925 2927 2946 2948 2956 2966 2969 2985 2986 2993 3026 3033 3047 3054 3064 3078 3096 3098 3104 3119 3142 3149 3174 3184 3195 3226 3232 3250 3324 3339 3348 3363 3387 3417 3426 
2916 1684 2664 2666 2669 2676 2679 2680 2681 2689 2694 2705 2717 2741 2750 2754 2755 2757 2777 2782 2786 2800 2815 2827 2839 2852 2866 2867 2872 2877 2896 2897 2906 2909 2910 2911 2913 2919 2920 2925 2928 2943 2944 2945 2946 2960 2966 2969 2974 2985 2986 3022 3033 3040 3047 3054 3056 3064 3065 3078 3085 3096 3098 3108 3117 3142 3149 3174 3195 3226 3228 3232 3250 3284 3304 3339 3348 3363 3387 3399 3417 3426 
2705 1684 2669 2676 2680 2689 2754 2815 2839 2867 2896 2916 2924 2925 2943 2969 3033 3054 3056 3085 3193 3301 3304 3363 3387 3426 
2919 1684 2664 2669 2673 2676 2694 2749 2754 2757 2763 2777 2786 2800 2806 2827 2839 2864 2866 2867 2872 2877 2880 2890 2896 2897 2905 2909 2910 2911 2912 2913 2916 2920 2925 2927 2928 2940 2943 2944 2960 2969 2985 2986 2993 3004 3033 3054 3056 3073 3078 3085 3104 3108 3142 3149 3184 3232 3284 3304 3348 3363 3417 3426 
2852 1684 2754 2827 2839 2916 2920 2940 2943 3096 3220 3226 
3135 1684 2679 2689 2743 2756 2757 2800 2810 2839 2864 2907 2943 2944 2945 2993 2994 3000 3025 3056 3073 3119 3158 3220 3293 3363 3417 3433 
3339 1684 2664 2666 2669 2676 2679 2680 2694 2698 2717 2749 2750 2754 2755 2782 2835 2839 2866 2872 2877 2880 2890 2905 2906 2909 2911 2912 2913 2916 2927 2944 2956 2966 2969 2974 2985 2993 3022 3026 3033 3040 3047 3064 3078 3096 3098 3104 3108 3117 3142 3149 3174 3226 3232 3284 3293 3324 3348 3362 3363 3387 3417 3426 
2993 1684 2666 2679 2683 2741 2755 2756 2786 2827 2862 2866 2872 2890 2905 2913 2919 2928 2956 2966 2985 2994 3026 3029 3033 3047 3104 3119 3135 3149 3158 3163 3195 3226 3232 3238 3339 3362 3387 3417 3426 
2994 1684 2669 2676 2679 2681 2683 2738 2741 2743 2745 2749 2755 2756 2786 2810 2827 2835 2862 2866 2877 2890 2905 2906 2956 2966 2974 2985 2993 3029 3033 3040 3047 3073 3078 3104 3108 3119 3135 3149 3174 3293 3324 3348 3362 3364 3387 3417 3433 
3033 1684 2664 2666 2669 2676 2680 2694 2698 2705 2717 2745 2750 2754 2755 2757 2782 2786 2800 2815 2827 2835 2839 2866 2872 2877 2890 2897 2905 2906 2909 2910 2911 2912 2913 2916 2919 2920 2925 2927 2928 2946 2960 2966 2969 2985 2986 2993 2994 3022 3026 3040 3052 3054 3056 3064 3065 3078 3085 3096 3098 3108 3117 3119 3142 3149 3163 3174 3195 3226 3228 3232 3238 3250 3284 3304 3339 3348 3363 3364 3387 3399 3426 
2907 1684 2679 2689 2743 2810 2839 2867 2920 2928 2940 2943 2944 2945 2974 3000 3025 3056 3073 3135 3158 3220 3293 3363 3417 3433 
2906 1684 2664 2666 2669 2676 2679 2683 2698 2745 2750 2754 2755 2757 2777 2782 2786 2800 2827 2835 2839 2862 2864 2866 2867 2872 2877 2880 2890 2897 2905 2908 2909 2910 2911 2913 2916 2920 2925 2927 2928 2940 2944 2946 2956 2960 2966 2974 2985 2986 2994 3000 3004 3022 3025 3026 3029 3033 3040 3047 3054 3056 3065 3078 3096 3098 3104 3108 3117 3119 3142 3149 3174 3184 3195 3220 3226 3284 3293 3301 3324 3339 3362 3363 3387 3417 3426 
2905 1684 2664 2666 2669 2676 2679 2680 2694 2698 2706 2717 2749 2750 2755 2782 2815 2827 2839 2866 2872 2877 2880 2890 2906 2909 2910 2912 2913 2919 2927 2946 2956 2966 2985 2986 2993 2994 3022 3026 3033 3047 3052 3064 3078 3098 3104 3108 3117 3119 3142 3184 3195 3226 3228 3232 3301 3304 3324 3339 3348 3362 3363 3387 3426 
2909 1684 2664 2666 2669 2673 2676 2698 2745 2749 2750 2754 2755 2757 2777 2782 2806 2839 2864 2866 2867 2872 2877 2880 2890 2897 2905 2906 2908 2910 2911 2912 2913 2916 2919 2920 2925 2927 2940 2943 2960 2967 2969 2986 3000 3004 3022 3026 3033 3047 3052 3054 3064 3078 3104 3142 3184 3213 3226 3232 3250 3324 3339 3348 3362 3363 3399 3426 
2908 1684 2664 2669 2694 2749 2750 2754 2777 2839 2864 2877 2880 2906 2909 2911 2920 2927 2960 2986 3004 3022 3040 3096 3108 3220 3284 3426 
2777 1684 2664 2669 2673 2676 2679 2689 2694 2706 2717 2741 2743 2749 2754 2755 2757 2763 2782 2786 2800 2806 2810 2815 2827 2839 2864 2867 2872 2896 2897 2906 2908 2909 2910 2911 2912 2916 2919 2920 2925 2927 2928 2940 2943 2944 2945 2960 2966 2969 2974 2985 2986 3000 3004 3022 3054 3056 3064 3073 3078 3085 3096 3098 3108 3158 3184 3195 3220 3226 3228 3232 3284 3304 3348 3363 3387 3399 3417 3426 3433 
3142 1684 2664 2666 2669 2676 2679 2689 2694 2698 2717 2749 2750 2754 2757 2782 2806 2815 2839 2866 2872 2877 2890 2905 2906 2909 2912 2913 2916 2919 2944 2966 2985 3022 3033 3040 3047 3064 3078 3096 3098 3163 3174 3195 3213 3226 3232 3250 3284 3324 3339 3363 3387 3426 
3149 1684 2664 2666 2669 2676 2680 2694 2698 2749 2750 2755 2757 2782 2815 2827 2839 2866 2867 2872 2877 2890 2906 2911 2913 2916 2919 2944 2946 2960 2966 2974 2985 2986 2993 2994 3000 3022 3033 3040 3047 3052 3054 3064 3078 3096 3098 3108 3163 3174 3193 3195 3226 3232 3237 3284 3301 3339 3348 3387 3426 
3304 1684 2664 2676 2680 2694 2705 2746 2757 2777 2782 2815 2839 2866 2896 2905 2916 2919 2920 2924 2925 2946 2969 3033 3056 3085 3117 3174 3324 
2827 1684 2666 2669 2676 2689 2694 2698 2706 2717 2750 2755 2757 2777 2782 2786 2800 2815 2839 2852 2866 2867 2872 2877 2890 2897 2905 2906 2910 2911 2913 2916 2919 2920 2925 2943 2944 2956 2966 2969 2985 2986 2993 2994 3022 3026 3033 3040 3054 3064 3065 3078 3096 3098 3108 3149 3163 3174 3195 3226 3232 3284 3301 3348 3363 3387 3417 3426 
3301 1684 2669 2676 2681 2683 2689 2694 2705 2743 2755 2757 2782 2827 2867 2896 2905 2906 2943 2944 2948 2966 2969 2985 3026 3056 3065 3078 3096 3098 3149 3193 3195 3232 3363 3387 3426 
3387 1684 2664 2666 2669 2676 2680 2681 2683 2689 2694 2698 2705 2717 2745 2750 2755 2757 2761 2777 2782 2786 2815 2827 2835 2839 2862 2864 2866 2867 2872 2877 2890 2905 2906 2911 2913 2916 2925 2927 2928 2944 2946 2956 2960 2966 2969 2974 2985 2993 2994 3000 3022 3026 3033 3040 3047 3052 3054 3056 3065 3078 3096 3098 3108 3119 3142 3149 3163 3174 3184 3195 3226 3232 3238 3250 3284 3301 3339 3348 3362 3363 3399 3417 3426 
2786 1684 2664 2666 2669 2679 2681 2683 2694 2698 2706 2738 2741 2745 2749 2750 2754 2756 2777 2782 2800 2810 2827 2835 2839 2862 2864 2866 2877 2890 2896 2906 2910 2912 2913 2916 2919 2924 2927 2928 2940 2943 2944 2946 2956 2960 2966 2969 2981 2985 2986 2993 2994 3000 3022 3025 3026 3029 3033 3054 3073 3078 3104 3119 3158 3174 3213 3220 3228 3238 3284 3293 3324 3362 3363 3364 3387 3417 3426 3433 
3029 1684 2664 2679 2680 2681 2683 2738 2743 2754 2756 2786 2839 2862 2877 2890 2906 2927 2928 2943 2945 2956 2986 2993 2994 3000 3025 3073 3085 3104 3119 3174 3220 3238 3362 3363 3364 3417 3433 
2782 1684 2664 2666 2669 2676 2681 2689 2694 2698 2706 2717 2743 2750 2754 2755 2757 2777 2786 2800 2806 2815 2827 2835 2839 2862 2864 2866 2872 2877 2896 2905 2906 2909 2910 2911 2912 2913 2916 2920 2924 2927 2943 2944 2956 2960 2966 2969 2985 2986 3004 3022 3025 3026 3033 3040 3047 3052 3054 3064 3078 3085 3096 3104 3108 3142 3149 3174 3184 3195 3213 3226 3232 3234 3250 3284 3301 3304 3324 3339 3348 3363 3364 3387 3399 3426 
3026 1684 2666 2669 2679 2683 2698 2738 2741 2749 2750 2754 2755 2756 2763 2782 2786 2800 2815 2827 2839 2862 2866 2867 2872 2877 2890 2905 2906 2909 2912 2913 2927 2928 2944 2945 2956 2966 2993 3000 3022 3025 3033 3047 3052 3078 3096 3098 3104 3119 3158 3184 3195 3213 3226 3232 3234 3238 3293 3301 3324 3339 3348 3362 3363 3364 3387 3417 3426 
2981 1684 2756 2786 2839 2927 2940 2944 2956 3025 3073 3119 3158 3232 3363 
3023 1684 2673 2694 2695 2706 2743 2750 2754 2761 2763 2800 2806 2810 2839 2867 2880 2943 2944 2945 2948 2967 2974 3000 3004 3052 3056 3184 3193 3213 3232 3234 3324 3363 3414 
2986 1684 2664 2669 2676 2679 2680 2689 2694 2698 2706 2717 2741 2743 2746 2749 2750 2754 2755 2757 2777 2782 2786 2800 2806 2810 2815 2827 2835 2839 2862 2864 2866 2867 2872 2877 2880 2897 2905 2906 2908 2909 2910 2911 2912 2913 2916 2919 2920 2924 2925 2927 2928 2940 2943 2946 2956 2960 2966 2969 2974 2985 3000 3004 3022 3029 3033 3047 3054 3056 3064 3065 3073 3078 3085 3096 3098 3108 3149 3174 3184 3195 3220 3226 3228 3232 3238 3284 3348 3363 3417 3426 3433 
2666 1684 2669 2676 2689 2698 2717 2749 2750 2755 2782 2786 2815 2827 2839 2866 2872 2877 2897 2905 2906 2909 2912 2913 2916 2956 2966 2985 2993 3004 3022 3026 3033 3040 3047 3064 3078 3096 3098 3108 3142 3149 3174 3226 3232 3250 3284 3339 3348 3363 3364 3387 3426 
2664 1684 2669 2673 2676 2694 2698 2717 2738 2745 2746 2749 2750 2754 2755 2757 2777 2782 2786 2800 2806 2815 2835 2839 2862 2864 2866 2872 2877 2890 2897 2905 2906 2908 2909 2910 2912 2916 2919 2920 2925 2940 2960 2966 2967 2969 2974 2986 3004 3022 3029 3033 3040 3054 3064 3078 3096 3098 3104 3108 3142 3149 3174 3184 3195 3226 3232 3250 3284 3304 3324 3339 3348 3362 3363 3387 3426 
2669 1684 2664 2666 2676 2679 2680 2683 2689 2694 2698 2705 2738 2745 2750 2754 2755 2757 2761 2777 2782 2786 2800 2827 2839 2864 2866 2867 2872 2877 2880 2896 2897 2905 2906 2908 2909 2910 2911 2912 2913 2916 2919 2920 2925 2927 2940 2943 2944 2956 2960 2966 2969 2974 2985 2986 2994 3000 3004 3022 3026 3033 3040 3047 3054 3056 3064 3065 3078 3085 3096 3098 3104 3108 3142 3149 3174 3184 3226 3228 3232 3237 3284 3301 3324 3339 3348 3362 3363 3387 3426 
2763 1684 2673 2679 2680 2681 2689 2694 2706 2750 2754 2757 2761 2777 2800 2806 2810 2835 2839 2862 2864 2867 2880 2890 2912 2913 2919 2920 2927 2943 2944 2945 2948 2956 2960 2967 2974 3000 3023 3026 3052 3056 3184 3193 3213 3220 3228 3232 3234 3237 3286 3324 3363 3414 3417 3426 
2761 1684 2669 2673 2683 2706 2754 2763 2839 2944 2948 2966 3023 3052 3054 3184 3193 3234 3237 3286 3324 3362 3387 3414 3426 
2835 1684 2664 2679 2680 2681 2689 2694 2738 2754 2757 2763 2782 2786 2839 2862 2864 2880 2906 2924 2940 2943 2946 2956 2960 2986 2994 3000 3033 3104 3117 3119 3174 3195 3226 3324 3339 3348 3363 3387 3399 3417 
3158 1684 2679 2683 2689 2743 2755 2777 2786 2810 2839 2867 2890 2907 2944 2945 2960 2966 2974 2981 2993 3000 3025 3026 3073 3119 3135 3163 3195 3220 3232 3238 3293 3348 3363 3417 3433 
3399 1684 2741 2754 2755 2777 2782 2835 2866 2867 2877 2897 2909 2911 2912 2916 2925 2928 2940 2960 2966 2974 2985 3004 3033 3040 3054 3064 3065 3096 3174 3195 3226 3363 3387 3433 
2673 1684 2664 2694 2706 2754 2761 2763 2777 2806 2839 2864 2877 2890 2909 2912 2919 2943 2944 2948 3004 3023 3052 3184 3193 3324 3363 3414 3426 
3096 1684 2664 2666 2669 2676 2680 2683 2689 2694 2698 2706 2717 2749 2750 2754 2755 2757 2777 2782 2800 2815 2827 2839 2852 2864 2866 2872 2877 2906 2908 2911 2913 2916 2925 2927 2928 2940 2943 2960 2966 2969 2974 2986 3000 3022 3026 3033 3040 3047 3054 3056 3064 3065 3078 3098 3108 3142 3149 3163 3174 3184 3195 3226 3232 3284 3301 3339 3348 3362 3363 3387 3399 3426 
2676 1684 2664 2666 2669 2683 2689 2694 2698 2705 2717 2745 2754 2755 2757 2777 2782 2800 2815 2827 2839 2864 2866 2867 2872 2877 2896 2897 2905 2906 2909 2911 2912 2913 2916 2919 2920 2925 2927 2943 2944 2946 2960 2966 2969 2985 2986 2994 3022 3033 3040 3047 3056 3064 3065 3078 3085 3096 3098 3108 3142 3149 3174 3184 3193 3195 3226 3232 3250 3284 3301 3304 3339 3348 3363 3364 3387 3426 
2679 1684 2669 2681 2683 2689 2738 2741 2750 2754 2755 2756 2757 2763 2777 2786 2800 2810 2835 2839 2862 2864 2880 2890 2896 2905 2906 2907 2910 2911 2916 2920 2924 2927 2928 2940 2944 2946 2956 2960 2966 2969 2985 2986 2993 2994 3000 3004 3025 3026 3029 3054 3056 3073 3078 3104 3108 3119 3135 3142 3158 3174 3184 3195 3220 3238 3293 3324 3339 3362 3363 3364 3417 3426 3433 
3098 1684 2664 2666 2669 2676 2698 2717 2738 2741 2750 2755 2757 2777 2800 2815 2827 2839 2864 2866 2867 2872 2877 2880 2897 2905 2906 2911 2912 2913 2916 2920 2924 2925 2944 2945 2966 2969 2986 3022 3026 3033 3040 3047 3056 3064 3078 3096 3108 3117 3119 3142 3149 3195 3226 3232 3301 3339 3348 3362 3363 3364 3387 
2928 1684 2679 2694 2706 2738 2741 2750 2754 2755 2756 2777 2786 2800 2810 2839 2862 2866 2867 2880 2890 2896 2897 2906 2907 2910 2916 2919 2920 2924 2925 2927 2940 2943 2944 2945 2946 2956 2960 2966 2974 2985 2986 2993 3000 3026 3029 3033 3054 3056 3073 3078 3096 3104 3117 3119 3174 3195 3220 3293 3363 3364 3387 3399 3414 3417 3426 3433 
2920 1684 2664 2669 2676 2679 2689 2694 2695 2706 2717 2746 2749 2750 2754 2755 2763 2777 2782 2806 2810 2815 2827 2839 2852 2864 2867 2872 2877 2880 2890 2897 2906 2907 2908 2909 2910 2911 2916 2919 2924 2927 2928 2940 2943 2944 2960 2969 2974 2986 3004 3033 3054 3064 3073 3078 3085 3098 3108 3117 3184 3213 3220 3226 3232 3284 3304 3324 3348 3363 3417 3426 3433 
2925 1684 2664 2669 2676 2680 2681 2689 2694 2705 2717 2738 2746 2755 2757 2777 2800 2806 2815 2827 2839 2864 2866 2867 2872 2877 2880 2896 2897 2906 2909 2910 2911 2913 2916 2919 2924 2928 2940 2943 2944 2946 2956 2960 2966 2969 2986 3000 3022 3033 3040 3054 3056 3064 3065 3085 3096 3098 3108 3117 3174 3184 3195 3226 3228 3250 3284 3304 3324 3348 3363 3387 3399 3426 
2924 1684 2679 2681 2705 2738 2741 2743 2756 2782 2786 2835 2839 2862 2897 2920 2925 2928 2945 2956 2960 2986 3000 3025 3085 3098 3184 3220 3293 3304 3364 3433 
2927 1684 2669 2676 2679 2680 2683 2689 2694 2698 2706 2741 2749 2750 2754 2755 2757 2763 2777 2782 2786 2800 2806 2810 2839 2862 2867 2880 2890 2905 2906 2908 2909 2910 2912 2913 2919 2920 2928 2940 2943 2944 2945 2946 2956 2960 2966 2974 2981 2985 2986 3000 3004 3022 3026 3029 3033 3040 3047 3052 3054 3056 3065 3073 3078 3085 3096 3108 3117 3119 3184 3220 3232 3234 3238 3284 3324 3339 3348 3363 3387 3417 3426 3433 
3004 1684 2664 2666 2669 2673 2679 2694 2706 2738 2745 2754 2757 2777 2782 2800 2806 2839 2864 2867 2877 2880 2890 2897 2906 2908 2909 2911 2912 2919 2920 2927 2944 2960 2967 2986 3022 3023 3054 3078 3104 3117 3226 3232 3284 3324 3362 3363 3399 3417 3426 
3000 1684 2669 2679 2683 2689 2694 2706 2738 2741 2743 2754 2756 2757 2763 2777 2786 2800 2806 2810 2835 2839 2862 2867 2877 2880 2890 2897 2906 2907 2909 2910 2924 2925 2927 2928 2943 2944 2945 2946 2956 2960 2966 2969 2986 3023 3025 3026 3029 3054 3056 3073 3078 3085 3096 3104 3117 3119 3135 3149 3158 3174 3213 3220 3226 3232 3238 3293 3348 3362 3363 3364 3387 3417 3433 
2800 1684 2664 2669 2676 2679 2680 2681 2689 2694 2698 2706 2750 2754 2755 2757 2763 2777 2782 2786 2806 2810 2815 2827 2839 2862 2864 2867 2872 2877 2880 2890 2897 2906 2910 2912 2913 2916 2919 2925 2927 2928 2940 2943 2944 2945 2956 2960 2966 2969 2974 2986 3000 3004 3023 3026 3033 3040 3056 3073 3078 3085 3096 3098 3119 3135 3174 3213 3220 3232 3250 3284 3324 3348 3363 3417 3426 3433 
2806 1684 2664 2673 2694 2695 2706 2741 2754 2763 2777 2782 2800 2839 2867 2877 2880 2890 2909 2910 2912 2919 2920 2925 2927 2943 2944 2948 2967 2986 3000 3004 3023 3142 3184 3213 3234 3237 3286 3324 3363 3414 3417 
3163 1684 2755 2810 2827 2839 2945 2966 2993 3033 3064 3073 3096 3142 3149 3158 3195 3226 3387 
3293 1684 2679 2681 2683 2706 2738 2741 2743 2754 2756 2786 2810 2839 2862 2867 2872 2890 2896 2906 2907 2924 2928 2940 2943 2945 2956 2994 3000 3026 3073 3078 3104 3119 3135 3158 3220 3228 3238 3339 3348 3362 3363 3426 3433 
2880 1684 2669 2679 2694 2706 2743 2750 2754 2755 2763 2800 2806 2810 2835 2839 2864 2867 2872 2877 2897 2905 2906 2908 2909 2910 2919 2920 2925 2927 2928 2943 2944 2945 2946 2960 2966 2967 2974 2986 3000 3004 3022 3023 3054 3056 3064 3065 3073 3078 3085 3098 3117 3174 3184 3213 3220 3232 3284 3286 3339 3348 3362 3363 3417 
3213 1684 2695 2706 2763 2782 2786 2800 2806 2810 2839 2867 2880 2909 2920 2943 2944 2945 2967 2974 3000 3023 3026 3117 3142 3184 3220 3234 3324 3363 3417 
3364 1684 2666 2676 2679 2683 2694 2738 2749 2756 2757 2782 2786 2839 2862 2890 2910 2924 2928 2956 2960 2969 2994 3000 3026 3029 3033 3078 3098 3104 3117 3362 3417 3433 
3362 1684 2664 2669 2679 2683 2706 2738 2754 2756 2761 2786 2810 2839 2862 2864 2872 2877 2880 2890 2905 2906 2909 2944 2956 2966 2969 2974 2993 2994 3000 3004 3022 3025 3026 3029 3040 3052 3065 3096 3098 3104 3119 3174 3220 3234 3293 3324 3339 3363 3364 3387 3417 3426 3433 
3363 1684 2664 2666 2669 2673 2676 2679 2680 2681 2683 2689 2694 2705 2706 2717 2738 2743 2746 2749 2750 2754 2755 2756 2757 2763 2777 2782 2786 2800 2806 2810 2815 2827 2835 2839 2862 2864 2866 2867 2872 2877 2880 2896 2897 2905 2906 2907 2909 2910 2911 2912 2913 2916 2919 2920 2925 2927 2928 2940 2943 2944 2945 2946 2948 2956 2960 2966 2967 2974 2981 2985 2986 3000 3004 3022 3023 3025 3026 3029 3033 3054 3056 3064 3065 3073 3078 3085 3096 3098 3104 3108 3117 3135 3142 3158 3174 3184 3195 3213 3220 3226 3228 3232 3250 3284 3293 3301 3324 3339 3348 3362 3387 3399 3414 3417 3426 3433 
2689 1684 2666 2669 2676 2679 2680 2681 2683 2694 2705 2706 2717 2743 2750 2754 2757 2763 2777 2782 2800 2810 2815 2827 2835 2839 2867 2896 2907 2910 2916 2920 2925 2927 2943 2944 2945 2966 2969 2974 2986 3000 3022 3056 3064 3065 3073 3078 3085 3096 3108 3117 3135 3142 3158 3220 3232 3284 3301 3324 3348 3363 3387 3417 3426 3433 
3085 1684 2669 2676 2680 2681 2689 2694 2705 2717 2741 2743 2749 2754 2777 2782 2800 2815 2839 2867 2880 2896 2916 2919 2920 2924 2925 2927 2943 2944 2946 2966 2969 2986 3000 3029 3033 3054 3056 3065 3078 3108 3193 3228 3232 3238 3250 3284 3304 3348 3363 
2680 1684 2669 2689 2694 2705 2706 2743 2749 2750 2755 2757 2763 2800 2815 2835 2839 2877 2905 2911 2916 2925 2927 2943 2944 2960 2966 2974 2986 3022 3029 3033 3054 3056 3064 3078 3085 3096 3149 3174 3193 3195 3228 3232 3284 3304 3339 3348 3363 3387 3426 
2681 1684 2679 2683 2689 2738 2741 2743 2754 2756 2757 2763 2782 2786 2800 2835 2839 2862 2864 2916 2924 2925 2944 2945 2956 2969 2994 3029 3054 3056 3085 3184 3228 3293 3301 3324 3363 3387 3433 
2683 1684 2669 2676 2679 2681 2689 2738 2741 2743 2754 2756 2761 2786 2810 2839 2862 2867 2890 2906 2927 2943 2944 2945 2956 2966 2993 2994 3000 3025 3026 3029 3096 3104 3119 3158 3220 3232 3237 3238 3286 3293 3301 3324 3362 3363 3364 3387 3417 3426 3433 
2815 1684 2664 2666 2676 2680 2689 2694 2698 2705 2717 2755 2757 2777 2782 2800 2827 2839 2866 2872 2905 2910 2911 2912 2916 2920 2925 2943 2944 2966 2969 2986 3022 3026 3033 3040 3056 3064 3065 3078 3085 3096 3098 3108 3142 3149 3195 3226 3232 3250 3304 3363 3387 3426 
2810 1684 2679 2683 2689 2706 2743 2749 2750 2754 2763 2777 2786 2800 2839 2867 2880 2907 2910 2920 2927 2928 2940 2943 2944 2945 2960 2974 2986 2994 3000 3023 3025 3056 3073 3117 3135 3158 3163 3213 3220 3293 3362 3363 3417 3433 
3073 1684 2679 2689 2743 2749 2750 2756 2777 2786 2800 2810 2839 2862 2864 2867 2877 2880 2890 2896 2897 2907 2910 2919 2920 2927 2928 2943 2944 2945 2960 2974 2981 2986 2994 3000 3025 3029 3056 3078 3119 3135 3158 3163 3220 3232 3284 3293 3363 3417 3433 
3078 1684 2664 2666 2669 2676 2679 2680 2689 2694 2698 2717 2741 2745 2749 2750 2754 2755 2757 2777 2782 2786 2800 2815 2827 2839 2864 2866 2867 2872 2877 2880 2890 2896 2905 2906 2909 2910 2911 2912 2913 2916 2919 2920 2927 2928 2940 2943 2944 2956 2960 2966 2969 2974 2985 2986 2994 3000 3004 3022 3026 3033 3047 3054 3056 3064 3065 3073 3085 3096 3098 3104 3108 3117 3142 3149 3174 3195 3226 3232 3250 3284 3293 3301 3339 3348 3363 3364 3387 3426 
3286 1684 2683 2706 2757 2761 2763 2806 2839 2862 2880 2896 2943 3052 3056 3184 3234 3237 3324 3414 3417 
2956 1684 2666 2669 2679 2681 2683 2694 2698 2717 2738 2741 2749 2750 2754 2755 2756 2763 2782 2786 2800 2827 2835 2839 2862 2864 2866 2872 2877 2890 2905 2906 2910 2911 2912 2913 2924 2925 2927 2928 2944 2945 2946 2960 2966 2969 2981 2985 2986 2993 2994 3000 3022 3026 3029 3040 3047 3078 3104 3117 3119 3174 3184 3195 3220 3232 3238 3293 3324 3339 3362 3363 3364 3387 3417 3426 3433 
3284 1684 2664 2666 2669 2676 2680 2689 2694 2698 2745 2750 2754 2755 2757 2777 2782 2786 2800 2827 2839 2864 2866 2872 2877 2880 2896 2906 2908 2910 2911 2916 2919 2920 2925 2927 2943 2944 2960 2966 2969 2974 2985 2986 3004 3022 3033 3040 3054 3056 3064 3065 3073 3078 3085 3096 3108 3142 3149 3174 3195 3226 3232 3237 3324 3339 3348 3363 3387 3426 
3174 1684 2664 2666 2669 2676 2679 2680 2694 2717 2741 2745 2754 2755 2757 2782 2786 2800 2827 2835 2839 2862 2864 2866 2867 2877 2880 2897 2906 2910 2913 2916 2925 2928 2940 2946 2956 2960 2966 2974 2985 2986 2994 3000 3022 3029 3033 3040 3054 3064 3065 3078 3096 3117 3119 3142 3149 3184 3195 3226 3232 3284 3304 3339 3348 3362 3363 3387 3399 3426 
3202 1684 2694 2750 2754 2839 2877 2911 3052 3232 3324 
2897 1684 2664 2666 2669 2676 2694 2717 2750 2754 2755 2777 2800 2827 2864 2866 2867 2877 2880 2906 2909 2910 2912 2916 2919 2920 2924 2925 2928 2943 2944 2946 2960 2966 2985 2986 3000 3004 3033 3054 3056 3064 3073 3098 3119 3174 3195 3226 3228 3232 3363 3399 
2896 1684 2669 2676 2679 2689 2694 2705 2706 2738 2741 2743 2749 2754 2757 2777 2782 2786 2839 2864 2877 2916 2919 2925 2928 2943 2944 2969 3022 3054 3056 3073 3078 3085 3117 3193 3228 3284 3286 3293 3301 3304 3324 3348 3363 3426 
2890 1684 2664 2673 2679 2683 2698 2738 2741 2750 2754 2755 2763 2786 2800 2806 2827 2839 2862 2866 2872 2877 2905 2906 2909 2910 2912 2913 2919 2920 2927 2928 2956 2985 2993 2994 3000 3004 3025 3026 3029 3033 3047 3052 3073 3078 3104 3119 3142 3149 3158 3226 3232 3293 3324 3339 3348 3362 3364 3387 3417 3426 3433 
2756 1684 2679 2681 2683 2738 2743 2754 2786 2839 2862 2924 2928 2945 2956 2981 2993 2994 3000 3025 3026 3029 3073 3104 3135 3220 3232 3238 3293 3362 3363 3364 3417 3433 
2757 1684 2664 2669 2676 2679 2680 2681 2689 2694 2698 2717 2738 2754 2755 2763 2777 2782 2800 2815 2827 2835 2839 2864 2866 2867 2872 2877 2896 2906 2909 2911 2912 2916 2919 2925 2927 2940 2944 2945 2960 2966 2969 2974 2986 3000 3004 3022 3033 3040 3054 3056 3064 3065 3078 3096 3098 3104 3108 3135 3142 3149 3174 3184 3195 3220 3226 3232 3284 3286 3301 3304 3324 3363 3364 3387 3414 3417 3426 
2754 1684 2664 2669 2673 2676 2679 2681 2683 2689 2694 2698 2705 2706 2717 2738 2741 2743 2746 2749 2750 2755 2756 2757 2761 2763 2777 2782 2786 2800 2806 2810 2835 2839 2852 2862 2864 2866 2867 2872 2877 2880 2890 2896 2897 2906 2908 2909 2910 2911 2912 2916 2919 2920 2927 2928 2940 2943 2944 2945 2956 2960 2966 2969 2974 2986 3000 3004 3022 3023 3025 3026 3029 3033 3052 3054 3056 3064 3065 3078 3085 3096 3104 3108 3142 3174 3184 3195 3202 3220 3226 3228 3232 3234 3250 3284 3293 3324 3339 3348 3362 3363 3399 3417 3426 3433 
2755 1684 2664 2666 2669 2676 2679 2680 2694 2717 2750 2754 2757 2777 2782 2800 2815 2827 2839 2866 2872 2877 2880 2890 2897 2905 2906 2909 2910 2911 2912 2913 2916 2920 2925 2927 2928 2940 2943 2944 2956 2960 2966 2985 2986 2993 2994 3022 3026 3033 3040 3047 3054 3056 3064 3065 3078 3096 3098 3108 3117 3119 3149 3158 3163 3174 3195 3226 3228 3232 3238 3250 3284 3301 3324 3339 3348 3363 3387 3399 3417 3433 
2750 1684 2664 2666 2669 2679 2680 2689 2694 2698 2706 2749 2754 2755 2763 2782 2786 2800 2810 2827 2839 2864 2866 2867 2872 2877 2880 2890 2897 2905 2906 2908 2909 2910 2911 2912 2913 2916 2920 2927 2928 2940 2943 2944 2945 2956 2960 2966 2969 2974 2985 2986 3022 3023 3026 3033 3040 3047 3052 3056 3064 3073 3078 3096 3098 3104 3108 3119 3142 3149 3202 3226 3232 3234 3284 3324 3339 3348 3363 3387 3426 
2698 1684 2664 2666 2669 2676 2749 2750 2754 2757 2782 2786 2800 2815 2827 2839 2866 2867 2872 2877 2890 2905 2906 2909 2910 2911 2912 2913 2927 2940 2946 2956 2960 2966 2969 2974 2985 2986 3022 3026 3033 3047 3052 3064 3078 3096 3098 3104 3117 3119 3142 3149 3195 3226 3232 3234 3284 3324 3339 3348 3387 3417 3426 
2695 1684 2706 2806 2839 2867 2920 2943 2967 3023 3213 
2694 1684 2664 2669 2673 2676 2680 2689 2706 2717 2738 2749 2750 2754 2755 2757 2763 2777 2782 2786 2800 2806 2815 2827 2835 2839 2862 2864 2872 2877 2880 2896 2897 2905 2908 2910 2912 2913 2916 2919 2920 2925 2927 2928 2940 2943 2944 2946 2948 2956 2960 2966 2974 2986 3000 3004 3022 3023 3033 3056 3064 3065 3078 3085 3096 3104 3108 3142 3149 3174 3195 3202 3226 3232 3250 3284 3301 3304 3324 3339 3348 3363 3364 3387 3417 3426 
2862 1684 2664 2679 2681 2683 2694 2738 2741 2754 2756 2763 2782 2786 2800 2835 2839 2864 2890 2906 2910 2912 2913 2924 2927 2928 2944 2946 2956 2960 2966 2969 2985 2986 2993 2994 3000 3022 3025 3026 3029 3054 3073 3104 3119 3174 3195 3220 3232 3238 3286 3293 3324 3362 3363 3364 3387 3417 3433 
2864 1684 2664 2669 2673 2676 2679 2681 2694 2706 2717 2738 2745 2746 2749 2750 2754 2757 2763 2777 2782 2786 2800 2835 2839 2862 2867 2880 2896 2897 2906 2908 2909 2910 2911 2919 2920 2925 2940 2943 2944 2946 2956 2960 2966 2969 2985 2986 3004 3054 3065 3073 3078 3096 3098 3104 3108 3117 3119 3135 3174 3226 3232 3234 3250 3284 3324 3348 3362 3363 3387 3417 3433 
2866 1684 2664 2666 2669 2676 2698 2717 2745 2746 2750 2754 2755 2757 2782 2786 2815 2827 2839 2867 2872 2877 2890 2897 2905 2906 2909 2910 2911 2912 2913 2916 2919 2925 2928 2940 2956 2966 2985 2986 2993 2994 3022 3026 3033 3040 3047 3056 3064 3065 3078 3096 3098 3108 3142 3149 3174 3195 3226 3232 3250 3284 3304 3324 3339 3348 3363 3387 3399 3426 
2867 1684 2669 2676 2683 2689 2695 2698 2705 2706 2717 2741 2743 2750 2754 2757 2763 2777 2800 2806 2810 2827 2839 2864 2866 2877 2880 2897 2906 2907 2909 2910 2913 2916 2919 2920 2925 2927 2928 2940 2943 2944 2945 2946 2960 2974 2986 3000 3004 3022 3023 3026 3054 3056 3064 3073 3078 3085 3098 3117 3149 3158 3174 3184 3195 3213 3232 3293 3301 3324 3363 3387 3399 3417 3426 3433 
2948 1684 2673 2694 2706 2761 2763 2806 2839 2913 3023 3052 3065 3184 3193 3234 3301 3324 3363 3414 
2738 1684 2664 2669 2679 2681 2683 2694 2741 2743 2754 2756 2757 2786 2835 2839 2862 2864 2877 2890 2896 2911 2924 2925 2928 2944 2945 2956 2960 2969 2974 2994 3000 3004 3025 3026 3029 3098 3104 3119 3220 3232 3238 3293 3362 3363 3364 3417 3426 3433 
3220 1684 2679 2683 2689 2706 2738 2741 2743 2749 2754 2756 2757 2763 2777 2786 2800 2810 2839 2852 2862 2880 2906 2907 2908 2910 2920 2924 2927 2928 2940 2943 2944 2945 2956 2969 2974 2986 3000 3029 3056 3073 3135 3158 3213 3232 3293 3324 3362 3363 3417 3433 
3065 1684 2669 2676 2689 2694 2717 2754 2755 2757 2815 2827 2839 2864 2866 2872 2880 2906 2910 2911 2916 2925 2927 2943 2944 2946 2948 2960 2966 2969 2986 3033 3040 3054 3056 3064 3078 3085 3096 3108 3174 3184 3195 3226 3228 3232 3284 3301 3362 3363 3387 3399 3433 
3064 1684 2664 2666 2669 2676 2680 2689 2694 2698 2717 2750 2754 2755 2757 2777 2782 2815 2827 2839 2866 2867 2872 2877 2880 2897 2905 2909 2910 2911 2912 2913 2916 2920 2925 2940 2944 2960 2985 2986 3022 3033 3040 3047 3054 3065 3078 3096 3098 3108 3142 3149 3163 3174 3195 3226 3232 3284 3339 3348 3363 3399 3426 
2946 1684 2676 2679 2694 2698 2706 2786 2835 2839 2862 2864 2867 2880 2897 2905 2906 2913 2916 2925 2927 2928 2956 2969 2986 3000 3033 3054 3065 3085 3104 3117 3119 3149 3174 3228 3304 3363 3387 
2945 1684 2681 2683 2689 2706 2738 2741 2743 2750 2754 2756 2757 2763 2777 2800 2810 2839 2867 2880 2907 2910 2916 2924 2927 2928 2943 2944 2956 2960 2974 3000 3023 3026 3029 3056 3073 3098 3135 3158 3163 3213 3220 3293 3363 3417 3433 
2944 1684 2669 2673 2676 2679 2680 2681 2683 2689 2694 2706 2738 2749 2750 2754 2755 2757 2761 2763 2777 2782 2786 2800 2806 2810 2815 2827 2839 2862 2864 2867 2872 2877 2880 2896 2897 2906 2907 2910 2916 2919 2920 2925 2927 2928 2940 2943 2945 2956 2960 2966 2969 2974 2981 3000 3004 3022 3023 3025 3026 3056 3064 3065 3073 3078 3085 3098 3104 3108 3135 3142 3149 3158 3195 3213 3220 3226 3232 3284 3301 3324 3339 3348 3362 3363 3387 3417 3426 3433 
2943 1684 2669 2673 2676 2680 2683 2689 2694 2695 2705 2706 2743 2749 2750 2754 2755 2763 2777 2782 2786 2800 2806 2810 2815 2827 2835 2839 2852 2864 2867 2877 2880 2896 2897 2907 2909 2910 2916 2919 2920 2925 2927 2928 2940 2944 2945 2960 2966 2969 2974 2986 3000 3022 3023 3029 3054 3056 3065 3073 3078 3085 3096 3108 3135 3213 3220 3226 3228 3232 3284 3286 3293 3301 3348 3363 3417 3426 3433 
2940 1684 2664 2669 2679 2694 2698 2706 2717 2749 2750 2754 2755 2757 2777 2786 2800 2810 2835 2839 2852 2864 2866 2867 2877 2906 2907 2909 2910 2911 2912 2919 2920 2925 2927 2928 2943 2944 2960 2966 2974 2981 2985 2986 3054 3056 3064 3078 3096 3108 3117 3174 3195 3220 3232 3238 3293 3348 3363 3399 3417 3426 3433 
3232 1684 2664 2666 2669 2676 2680 2683 2689 2694 2698 2738 2750 2754 2755 2756 2757 2763 2777 2782 2800 2815 2827 2839 2862 2864 2866 2867 2872 2877 2880 2890 2897 2905 2909 2910 2911 2912 2913 2916 2919 2920 2927 2940 2943 2944 2956 2960 2966 2981 2985 2986 2993 3000 3004 3022 3023 3026 3033 3040 3047 3052 3054 3056 3064 3065 3073 3078 3085 3096 3098 3104 3108 3119 3142 3149 3158 3174 3195 3202 3220 3226 3234 3237 3284 3301 3324 3339 3348 3363 3387 3417 3426 
3108 1684 2664 2666 2669 2676 2679 2689 2694 2717 2749 2750 2754 2755 2757 2777 2782 2815 2827 2839 2864 2866 2872 2905 2906 2908 2910 2911 2916 2919 2920 2925 2927 2940 2943 2944 2960 2966 2969 2974 2985 2986 2994 3022 3033 3040 3064 3065 3078 3085 3096 3098 3149 3195 3226 3232 3250 3284 3339 3348 3363 3387 3426 
3237 1684 2669 2683 2706 2745 2761 2763 2806 2839 2877 2966 3052 3117 3149 3232 3234 3284 3286 3324 3426 
3234 1684 2698 2706 2741 2750 2754 2761 2763 2782 2806 2839 2864 2927 2948 2967 3023 3026 3052 3184 3193 3213 3232 3237 3286 3324 3362 
3104 1684 2664 2669 2679 2683 2694 2698 2738 2750 2754 2756 2757 2782 2786 2835 2839 2862 2864 2877 2890 2905 2906 2909 2913 2919 2928 2944 2946 2956 2960 2966 2969 2993 2994 3000 3004 3025 3026 3029 3052 3078 3119 3232 3293 3324 3339 3362 3363 3364 3417 3426 
3238 1684 2679 2683 2738 2741 2755 2756 2786 2839 2862 2872 2877 2927 2940 2956 2966 2986 2993 3000 3025 3026 3029 3033 3085 3119 3158 3293 3348 3387 3433 
3433 1684 2679 2681 2683 2689 2738 2741 2743 2754 2755 2756 2777 2786 2800 2810 2839 2862 2864 2867 2890 2907 2910 2920 2924 2927 2928 2940 2943 2944 2945 2956 2960 2974 2986 2994 3000 3029 3054 3056 3065 3073 3135 3158 3220 3226 3238 3293 3362 3363 3364 3399 3417 
3184 1684 2664 2669 2673 2676 2679 2681 2706 2741 2754 2757 2761 2763 2777 2782 2806 2839 2867 2877 2880 2905 2906 2909 2913 2919 2920 2924 2925 2927 2948 2956 2960 2969 2986 3022 3023 3026 3052 3054 3056 3065 3096 3174 3193 3213 3226 3234 3286 3324 3363 3387 3414 3417 
2743 1684 2680 2681 2683 2689 2706 2738 2741 2754 2756 2777 2782 2810 2839 2867 2880 2896 2907 2924 2943 2945 2974 2986 2994 3000 3023 3029 3054 3056 3073 3085 3119 3135 3158 3220 3293 3301 3363 3417 3433 
2745 1684 2664 2669 2676 2786 2839 2864 2866 2872 2906 2909 2960 2966 2994 3004 3022 3033 3078 3174 3237 3284 3324 3387 
2746 1684 2664 2754 2839 2864 2866 2910 2920 2925 2986 3054 3056 3304 3363 
2749 1684 2664 2666 2680 2694 2698 2706 2750 2754 2777 2786 2810 2839 2864 2896 2905 2908 2909 2911 2919 2920 2927 2940 2943 2944 2956 2960 2969 2974 2986 2994 3022 3026 3047 3056 3073 3078 3085 3096 3108 3142 3149 3220 3339 3348 3363 3364 3417 3426 
2872 1684 2664 2666 2669 2676 2694 2698 2717 2745 2750 2754 2755 2757 2777 2782 2800 2815 2827 2839 2866 2877 2880 2890 2905 2906 2909 2910 2911 2912 2913 2916 2919 2920 2925 2944 2956 2966 2985 2986 2993 3022 3026 3033 3040 3047 3052 3054 3056 3064 3065 3078 3096 3098 3108 3142 3149 3195 3226 3232 3238 3250 3284 3293 3339 3348 3362 3363 3387 3426 
2706 1684 2673 2680 2689 2694 2695 2743 2749 2750 2754 2761 2763 2777 2782 2786 2800 2806 2810 2827 2839 2864 2867 2877 2880 2896 2905 2910 2911 2920 2927 2928 2940 2943 2944 2945 2946 2948 2960 2966 2967 2969 2974 2986 3000 3004 3023 3052 3056 3096 3184 3193 3213 3220 3234 3237 3286 3293 3324 3362 3363 3414 3417 3426 
2877 1684 2664 2666 2669 2673 2676 2680 2694 2698 2706 2717 2738 2750 2754 2755 2757 2782 2786 2800 2806 2827 2839 2866 2867 2872 2880 2890 2896 2897 2905 2906 2908 2909 2910 2911 2912 2913 2916 2919 2920 2925 2940 2943 2944 2956 2960 2966 2967 2969 2974 2985 2986 2994 3000 3004 3022 3026 3029 3033 3040 3047 3052 3054 3064 3073 3078 3096 3098 3104 3117 3142 3149 3174 3184 3195 3202 3226 3232 3237 3238 3250 3284 3324 3339 3348 3362 3363 3387 3399 3426 
3056 1684 2669 2676 2679 2680 2681 2689 2694 2705 2706 2717 2741 2743 2746 2749 2750 2754 2755 2757 2763 2777 2800 2810 2815 2839 2866 2867 2872 2880 2896 2897 2906 2907 2910 2916 2919 2925 2927 2928 2940 2943 2944 2945 2960 2966 2969 2974 2986 3000 3023 3033 3054 3065 3073 3078 3085 3096 3098 3117 3135 3184 3193 3195 3220 3226 3228 3232 3284 3286 3301 3304 3348 3363 3387 3426 3433 
3054 1684 2664 2669 2679 2680 2681 2705 2741 2743 2746 2754 2755 2757 2761 2777 2782 2786 2827 2839 2862 2864 2867 2872 2877 2880 2896 2897 2906 2909 2910 2911 2913 2916 2919 2920 2925 2927 2928 2940 2943 2946 2966 2967 2969 2974 2985 2986 3000 3004 3022 3033 3056 3064 3065 3078 3085 3096 3119 3149 3174 3184 3195 3226 3228 3232 3284 3324 3348 3363 3387 3399 3426 3433 
3052 1684 2673 2698 2706 2750 2754 2761 2763 2782 2839 2872 2877 2890 2905 2909 2927 2948 2966 2985 3022 3023 3026 3033 3104 3149 3184 3193 3202 3226 3232 3234 3237 3286 3324 3348 3362 3387 
2974 1684 2664 2669 2680 2689 2694 2698 2706 2738 2743 2749 2750 2754 2757 2763 2777 2800 2810 2839 2867 2877 2880 2906 2907 2910 2911 2916 2920 2927 2928 2940 2943 2944 2945 2960 2969 2986 2994 3023 3054 3056 3073 3078 3096 3108 3149 3158 3174 3213 3220 3284 3339 3362 3363 3387 3399 3417 3426 3433 
3228 1684 2669 2680 2681 2741 2754 2755 2763 2777 2786 2839 2896 2897 2905 2911 2916 2925 2943 2946 2960 2986 3033 3054 3056 3065 3085 3117 3293 3324 3348 3363 3426 
3119 1684 2679 2683 2698 2738 2743 2750 2755 2786 2800 2835 2839 2862 2864 2890 2897 2905 2906 2910 2913 2927 2928 2946 2956 2960 2966 2981 2993 2994 3000 3025 3026 3029 3033 3054 3073 3098 3104 3135 3158 3174 3232 3238 3293 3324 3362 3387 3417 
3117 1684 2689 2698 2755 2810 2835 2839 2864 2867 2877 2880 2896 2905 2906 2910 2916 2920 2925 2927 2928 2940 2946 2956 2960 2966 2969 3000 3004 3022 3033 3040 3056 3078 3098 3174 3195 3213 3228 3237 3304 3339 3363 3364 
3226 1684 2664 2666 2669 2676 2694 2698 2717 2750 2754 2755 2757 2777 2782 2815 2827 2835 2839 2852 2864 2866 2872 2877 2890 2897 2905 2906 2909 2910 2911 2912 2913 2916 2920 2925 2943 2944 2960 2966 2985 2986 2993 3000 3004 3022 3026 3033 3040 3047 3052 3054 3056 3064 3065 3078 3096 3098 3108 3142 3149 3163 3174 3184 3195 3232 3284 3339 3348 3363 3387 3399 3417 3426 3433 
3426 1684 2664 2666 2669 2673 2676 2679 2680 2683 2689 2694 2698 2705 2706 2717 2738 2749 2750 2754 2757 2761 2763 2777 2782 2786 2800 2815 2827 2839 2866 2867 2872 2877 2890 2896 2905 2906 2908 2909 2910 2911 2912 2913 2916 2919 2920 2925 2927 2928 2940 2943 2944 2956 2960 2966 2967 2969 2974 2985 2986 2993 3004 3022 3025 3026 3033 3040 3047 3054 3056 3064 3078 3096 3104 3108 3142 3149 3174 3195 3226 3228 3232 3237 3284 3293 3301 3324 3339 3348 3362 3363 3387 
3195 1684 2664 2676 2679 2680 2694 2698 2717 2754 2755 2757 2777 2782 2815 2827 2835 2839 2862 2866 2867 2872 2877 2897 2905 2906 2910 2911 2913 2916 2925 2928 2940 2944 2956 2966 2969 2986 2993 3022 3026 3033 3040 3054 3056 3064 3065 3078 3096 3098 3108 3117 3142 3149 3158 3163 3174 3226 3232 3250 3284 3301 3348 3363 3387 3399 3426 
3193 1684 2673 2676 2680 2705 2706 2741 2761 2763 2839 2896 2948 3023 3052 3056 3085 3149 3184 3234 3301 3324 3414 
1684 2664 2666 2669 2673 2676 2679 2680 2681 2683 2689 2694 2695 2698 2705 2706 2717 2738 2741 2743 2745 2746 2749 2750 2754 2755 2756 2757 2761 2763 2777 2782 2786 2800 2806 2810 2815 2827 2835 2839 2852 2862 2864 2866 2867 2872 2877 2880 2890 2896 2897 2905 2906 2907 2908 2909 2910 2911 2912 2913 2916 2919 2920 2924 2925 2927 2928 2940 2943 2944 2945 2946 2948 2956 2960 2966 2967 2969 2974 2981 2985 2986 2993 2994 3000 3004 3022 3023 3025 3026 3029 3033 3040 3047 3052 3054 3056 3064 3065 3073 3078 3085 3096 3098 3104 3108 3117 3119 3135 3142 3149 3158 3163 3174 3184 3193 3195 3202 3213 3220 3226 3228 3232 3234 3237 3238 3250 3284 3286 3293 3301 3304 3324 3339 3348 3362 3363 3364 3387 3399 3414 3417 3426 3433 
3025 1684 2679 2683 2738 2754 2756 2782 2786 2810 2839 2862 2890 2906 2907 2924 2944 2981 3000 3022 3026 3029 3073 3104 3119 3135 3158 3238 3362 3363 3426 
