3541 3437 3473 3538 3595 3628 3657 3725 3743 3868 3874 3892 3912 
3473 3437 3538 3541 3567 3595 3628 3725 3739 3743 3819 3857 3868 3871 3874 3892 3912 3917 
3595 3437 3473 3538 3541 3567 3628 3657 3725 3739 3743 3857 3868 3912 3917 
3917 3437 3473 3538 3567 3595 3628 3725 3743 3819 3857 3868 3871 3874 3892 3912 
3628 3437 3473 3538 3541 3567 3595 3657 3725 3739 3743 3819 3857 3868 3871 3874 3892 3912 3917 
3868 3437 3473 3538 3541 3567 3595 3628 3657 3725 3739 3743 3819 3857 3874 3892 3912 3917 
3912 3437 3473 3538 3541 3567 3595 3628 3725 3739 3743 3819 3868 3874 3892 3917 
3871 3437 3473 3538 3628 3725 3739 3743 3917 
3819 3437 3473 3538 3628 3657 3725 3739 3743 3868 3874 3912 3917 
3874 3437 3473 3538 3541 3567 3628 3725 3739 3743 3819 3868 3892 3912 3917 
3743 3437 3473 3538 3541 3567 3595 3628 3657 3725 3739 3819 3857 3868 3871 3874 3892 3912 3917 
3437 3473 3538 3541 3567 3595 3628 3657 3725 3739 3743 3819 3857 3868 3871 3874 3892 3912 3917 
3857 3437 3473 3538 3567 3595 3628 3657 3725 3743 3868 3917 
3739 3437 3473 3538 3567 3595 3628 3657 3725 3743 3819 3868 3871 3874 3892 3912 
3538 3437 3473 3541 3567 3595 3628 3657 3725 3739 3743 3819 3857 3868 3871 3874 3892 3912 3917 
3892 3437 3473 3538 3541 3628 3657 3725 3739 3743 3868 3874 3912 3917 
3725 3437 3473 3538 3541 3567 3595 3628 3657 3739 3743 3819 3857 3868 3871 3874 3892 3912 3917 
3657 3437 3538 3541 3567 3595 3628 3725 3739 3743 3819 3857 3868 3892 
3567 3437 3473 3538 3595 3628 3657 3725 3739 3743 3857 3868 3874 3912 3917 
