2849 1684 2661 2674 2712 2742 2765 2770 2778 2781 2785 2787 2793 2796 2828 2833 2853 2863 2869 2875 2894 2901 2904 2939 2970 2973 2991 3021 3027 3035 3038 3046 3049 3070 3076 3082 3089 3101 3102 3106 3115 3116 3132 3146 3150 3152 3169 3179 3185 3201 3206 3212 3239 3240 3247 3252 3265 3267 3277 3280 3288 3291 3297 3299 3316 3319 3321 3330 3332 3335 3344 3345 3347 3350 3351 3381 3396 3397 3406 3416 3419 3434 
3319 1642 1684 2672 2693 2728 2734 2742 2764 2772 2793 2830 2833 2849 2904 2973 3034 3038 3046 3089 3106 3240 3321 3344 3350 3393 3411 
3046 1684 2742 2785 2793 2849 2904 2973 3076 3089 3106 3146 3212 3299 3319 3345 3393 3406 3434 
2712 1684 2742 2778 2785 2796 2833 2849 2853 2991 3035 3038 3070 3101 3132 3150 3201 3240 3252 3277 3280 3288 3291 3299 3321 3335 3345 3347 3350 3351 3411 3434 
3132 1684 2661 2674 2712 2742 2765 2770 2778 2793 2796 2828 2833 2849 2853 2863 2869 2904 2939 2970 2973 2991 3021 3035 3049 3070 3076 3082 3101 3102 3115 3116 3146 3150 3152 3169 3179 3185 3201 3206 3212 3239 3247 3252 3265 3267 3277 3280 3288 3291 3297 3316 3321 3330 3332 3335 3344 3347 3350 3351 3381 3396 3397 3411 3416 3419 3434 
3347 1684 2661 2674 2712 2734 2742 2770 2778 2781 2787 2793 2796 2828 2833 2849 2853 2863 2869 2901 2939 2973 2991 3027 3035 3049 3076 3082 3101 3102 3116 3132 3146 3150 3152 3185 3201 3206 3239 3247 3252 3267 3280 3291 3330 3332 3350 3351 3381 3396 3397 3406 3416 3434 
3049 1684 2661 2674 2742 2765 2770 2778 2781 2787 2793 2796 2828 2833 2849 2853 2863 2869 2894 2901 2904 2939 2970 2973 2991 3021 3035 3038 3070 3082 3101 3102 3106 3115 3116 3132 3146 3150 3152 3169 3179 3185 3201 3206 3239 3247 3252 3265 3267 3277 3280 3291 3297 3316 3330 3335 3344 3347 3350 3351 3381 3397 3411 3416 3419 3434 
3321 1684 2661 2712 2742 2787 2793 2833 2849 2901 2904 2973 3038 3082 3089 3106 3116 3132 3212 3239 3240 3252 3277 3291 3299 3319 3344 3345 3351 3397 3406 3434 
3344 1684 2661 2674 2742 2765 2793 2828 2849 2853 2863 2901 2939 2970 2973 3021 3035 3038 3049 3070 3082 3089 3101 3102 3106 3115 3116 3132 3146 3150 3169 3201 3206 3239 3240 3247 3252 3267 3277 3280 3291 3299 3316 3319 3321 3330 3345 3351 3393 3397 3406 3416 3434 
3411 1684 2661 2672 2712 2742 2770 2772 2828 2833 2875 2894 2901 2904 2970 3049 3076 3082 3101 3115 3116 3132 3150 3152 3179 3185 3201 3252 3288 3319 3330 3332 3335 3350 3396 3434 
3252 1684 2661 2674 2712 2742 2765 2770 2778 2781 2793 2828 2849 2853 2863 2869 2901 2939 2970 2973 2991 3021 3035 3038 3049 3070 3082 3089 3101 3102 3106 3115 3116 3132 3146 3150 3152 3169 3201 3206 3239 3240 3247 3265 3267 3277 3280 3291 3297 3299 3316 3321 3330 3335 3344 3345 3347 3351 3381 3397 3406 3411 3416 3419 3434 
2853 1684 2661 2674 2712 2765 2770 2778 2781 2793 2796 2849 2863 2869 2894 2939 2991 3021 3035 3049 3070 3082 3101 3102 3106 3116 3132 3146 3150 3169 3201 3206 3239 3240 3247 3252 3265 3267 3277 3280 3297 3316 3330 3335 3344 3347 3351 3381 3397 3416 3419 
3332 1684 2661 2672 2742 2778 2793 2828 2833 2849 2875 2894 2970 2973 3021 3076 3082 3089 3101 3106 3116 3132 3150 3152 3179 3240 3280 3288 3291 3330 3347 3350 3396 3411 3434 
3330 1684 2661 2674 2742 2765 2770 2778 2793 2828 2833 2849 2853 2863 2869 2901 2904 2939 2970 2973 2991 3035 3038 3049 3070 3082 3101 3102 3106 3116 3132 3146 3150 3152 3169 3201 3239 3240 3247 3252 3267 3277 3280 3291 3297 3332 3335 3344 3345 3347 3351 3381 3396 3397 3411 3419 3434 
3335 1684 2661 2712 2742 2778 2781 2785 2793 2828 2849 2853 2863 2869 2875 2939 3035 3038 3049 3082 3101 3115 3116 3132 3146 3150 3152 3169 3185 3212 3240 3247 3252 3267 3291 3297 3330 3350 3351 3397 3411 3419 3434 
3406 1684 2661 2742 2772 2793 2828 2833 2849 2901 2904 2973 3034 3038 3046 3082 3089 3101 3106 3150 3201 3212 3239 3240 3252 3291 3299 3321 3344 3345 3347 3397 3434 
3416 1684 2661 2674 2742 2765 2770 2778 2793 2828 2849 2853 2863 2869 2939 2970 2991 3021 3035 3049 3070 3082 3101 3102 3106 3116 3132 3146 3169 3201 3206 3239 3240 3247 3252 3265 3267 3277 3291 3297 3316 3344 3347 3351 3381 3397 3419 3434 
3038 1684 2661 2712 2742 2787 2793 2828 2833 2849 2863 2901 2973 3027 3034 3035 3049 3082 3089 3101 3106 3116 3150 3152 3212 3240 3247 3252 3277 3288 3291 3297 3299 3319 3321 3330 3335 3344 3345 3351 3397 3406 3434 
3034 1684 2787 2863 3038 3070 3082 3089 3101 3152 3319 3345 3397 3406 
2991 1684 2661 2674 2712 2742 2778 2781 2793 2796 2828 2833 2849 2853 2863 2869 2894 3035 3049 3070 3082 3101 3102 3106 3116 3132 3146 3152 3169 3185 3201 3239 3247 3252 3265 3267 3277 3280 3288 3297 3330 3347 3350 3351 3381 3396 3416 3419 3434 
3240 1684 2712 2742 2785 2793 2849 2853 2973 3038 3070 3082 3089 3101 3106 3206 3212 3239 3247 3252 3291 3299 3316 3319 3321 3330 3332 3335 3344 3345 3397 3406 3416 3434 
3247 1684 2661 2674 2742 2765 2770 2778 2793 2828 2849 2853 2863 2904 2939 2970 2973 2991 3021 3035 3038 3049 3070 3082 3101 3102 3106 3115 3116 3132 3146 3150 3152 3169 3179 3201 3206 3239 3240 3252 3265 3277 3280 3291 3297 3316 3330 3335 3344 3347 3351 3381 3397 3416 3419 3434 
3035 1684 2661 2674 2712 2742 2765 2770 2778 2781 2793 2796 2828 2833 2849 2853 2863 2869 2894 2901 2904 2939 2970 2973 2991 3021 3038 3049 3070 3082 3101 3102 3115 3116 3132 3146 3150 3152 3169 3179 3185 3201 3206 3239 3247 3252 3265 3267 3277 3280 3288 3297 3316 3330 3335 3344 3347 3351 3381 3397 3416 3419 3434 
2793 1684 2661 2674 2742 2765 2787 2828 2833 2849 2853 2863 2875 2901 2939 2970 2973 2991 3021 3027 3035 3038 3046 3049 3070 3082 3089 3101 3106 3115 3116 3132 3146 3150 3152 3169 3201 3206 3212 3239 3240 3247 3252 3267 3277 3280 3288 3291 3297 3316 3319 3321 3330 3332 3335 3344 3345 3347 3350 3351 3396 3397 3406 3416 3434 
2796 1684 2672 2674 2712 2742 2778 2781 2828 2833 2849 2853 2863 2869 2894 2939 2991 3035 3049 3076 3082 3101 3132 3185 3201 3267 3277 3280 3297 3347 3350 3351 3381 3396 3419 3434 
2778 1684 2661 2672 2674 2712 2742 2770 2781 2796 2828 2833 2849 2853 2863 2869 2875 2894 2901 2904 2939 2991 3035 3049 3076 3082 3101 3102 3115 3116 3132 3146 3150 3169 3179 3185 3201 3239 3247 3252 3265 3267 3277 3280 3297 3330 3332 3335 3345 3347 3350 3351 3381 3396 3397 3416 3419 3434 
2901 1684 2661 2742 2778 2781 2787 2793 2828 2849 2863 2904 2939 3027 3035 3038 3049 3070 3082 3101 3106 3116 3150 3201 3206 3252 3267 3277 3288 3291 3299 3321 3330 3344 3345 3347 3351 3397 3406 3411 3434 
2904 1684 2661 2742 2770 2778 2785 2787 2833 2849 2863 2875 2901 3027 3035 3046 3049 3082 3089 3116 3132 3146 3150 3152 3201 3206 3212 3247 3267 3280 3291 3319 3321 3330 3345 3406 3411 3434 
2770 1684 2661 2674 2742 2765 2778 2849 2853 2863 2904 2939 3021 3035 3049 3070 3101 3102 3116 3132 3146 3150 3152 3169 3185 3201 3239 3247 3252 3265 3277 3280 3291 3297 3330 3347 3351 3411 3416 3419 3434 
2772 1684 2674 2785 3027 3319 3406 3411 
3277 1684 2661 2674 2712 2742 2765 2770 2778 2781 2793 2796 2828 2833 2849 2853 2863 2869 2901 2939 2991 3021 3035 3038 3049 3070 3082 3101 3102 3132 3146 3150 3169 3185 3201 3239 3247 3252 3265 3267 3280 3291 3297 3316 3321 3330 3344 3351 3381 3397 3416 3419 3434 
2828 1684 2661 2674 2742 2765 2778 2793 2796 2833 2849 2869 2875 2901 2939 2970 2973 2991 3027 3035 3038 3049 3076 3082 3101 3102 3106 3115 3116 3132 3146 3152 3169 3179 3185 3201 3247 3252 3265 3277 3280 3291 3330 3332 3335 3344 3347 3350 3351 3381 3396 3397 3406 3411 3416 3434 
3146 1684 2661 2674 2742 2765 2770 2778 2785 2793 2828 2833 2849 2853 2863 2904 2939 2970 2973 2991 3021 3035 3046 3049 3070 3082 3101 3102 3106 3116 3132 3152 3169 3201 3206 3239 3247 3252 3265 3267 3277 3288 3291 3297 3316 3330 3335 3344 3347 3351 3381 3397 3416 3419 3434 
2785 1684 2661 2712 2742 2772 2849 2863 2904 3046 3089 3101 3146 3152 3212 3240 3280 3299 3335 3345 
2787 1684 2734 2781 2793 2849 2863 2901 2904 2939 3027 3034 3038 3049 3070 3082 3101 3116 3150 3291 3321 3347 
2781 1684 2672 2674 2742 2778 2787 2796 2849 2853 2863 2869 2894 2901 2939 2991 3027 3035 3049 3076 3082 3101 3116 3150 3169 3179 3201 3252 3267 3277 3280 3288 3291 3297 3335 3347 3350 3351 3381 3397 3419 3434 
3381 1684 2661 2674 2778 2781 2796 2828 2833 2849 2853 2863 2869 2894 2939 2991 3035 3049 3076 3082 3101 3116 3132 3146 3150 3169 3201 3239 3247 3252 3267 3277 3280 3297 3330 3347 3350 3351 3416 3419 3434 
3027 1684 2734 2742 2772 2781 2787 2793 2828 2849 2901 2904 2939 3038 3101 3116 3150 3152 3291 3347 
3021 1684 2661 2674 2742 2765 2770 2793 2833 2849 2853 2863 2869 2939 2970 2973 3035 3049 3070 3082 3101 3102 3115 3116 3132 3146 3152 3169 3201 3206 3239 3247 3252 3265 3277 3280 3288 3297 3316 3332 3344 3351 3396 3397 3416 3419 3434 
2661 1684 2674 2742 2765 2770 2778 2785 2793 2828 2833 2849 2853 2863 2869 2875 2894 2901 2904 2939 2970 2973 2991 3021 3035 3038 3049 3070 3076 3082 3101 3102 3115 3116 3132 3146 3150 3152 3169 3179 3185 3201 3206 3239 3247 3252 3265 3277 3280 3291 3297 3316 3321 3330 3332 3335 3344 3347 3350 3351 3381 3396 3397 3406 3411 3416 3419 3434 
3419 1684 2661 2674 2742 2765 2770 2778 2781 2796 2849 2853 2863 2869 2970 2991 3021 3035 3049 3082 3101 3115 3116 3132 3146 3150 3152 3169 3185 3201 3239 3247 3252 3265 3267 3277 3280 3288 3297 3316 3330 3335 3351 3381 3397 3416 3434 
2939 1684 2661 2674 2742 2765 2770 2778 2781 2787 2793 2796 2828 2833 2849 2853 2863 2869 2901 2970 2973 3021 3027 3035 3049 3070 3082 3101 3102 3116 3132 3146 3150 3152 3169 3179 3185 3201 3206 3239 3247 3252 3265 3267 3277 3280 3291 3297 3316 3330 3335 3344 3347 3351 3381 3397 3416 3434 
2765 1684 2661 2674 2742 2770 2793 2828 2849 2853 2863 2939 2970 2973 3021 3035 3049 3070 3082 3101 3102 3116 3132 3146 3169 3201 3206 3239 3247 3252 3265 3267 3277 3297 3316 3330 3344 3351 3397 3416 3419 3434 
2764 1642 1684 2693 3201 3319 
3152 1684 2661 2674 2742 2770 2785 2793 2828 2833 2849 2863 2869 2904 2939 2973 2991 3021 3027 3034 3035 3038 3049 3070 3076 3082 3101 3102 3115 3116 3132 3146 3150 3169 3185 3201 3239 3247 3252 3265 3280 3288 3291 3297 3330 3332 3335 3347 3350 3351 3396 3397 3411 3419 3434 
3150 1684 2661 2674 2712 2742 2770 2778 2781 2787 2793 2833 2849 2853 2863 2875 2901 2904 2939 2970 3027 3035 3038 3049 3070 3076 3082 3101 3102 3115 3116 3132 3152 3169 3179 3185 3201 3247 3252 3265 3267 3277 3280 3291 3297 3330 3332 3335 3344 3347 3350 3351 3381 3397 3406 3411 3419 
3265 1684 2661 2674 2742 2765 2770 2778 2828 2833 2849 2853 2863 2939 2970 2991 3021 3035 3049 3070 3082 3101 3102 3115 3116 3132 3146 3150 3152 3169 3179 3201 3239 3247 3252 3267 3277 3280 3297 3316 3351 3397 3416 3419 
3267 1684 2674 2742 2765 2778 2781 2793 2796 2833 2849 2853 2863 2869 2901 2904 2939 2991 3035 3049 3070 3082 3101 3102 3106 3116 3132 3146 3150 3169 3185 3201 3239 3252 3265 3277 3280 3291 3297 3299 3316 3330 3335 3344 3347 3351 3381 3397 3416 3419 
2833 1684 2661 2674 2712 2778 2793 2796 2828 2849 2863 2869 2875 2894 2904 2939 2973 2991 3021 3035 3038 3049 3076 3082 3089 3101 3102 3115 3116 3132 3146 3150 3152 3179 3185 3201 3212 3239 3265 3267 3277 3280 3288 3291 3297 3299 3319 3321 3330 3332 3345 3347 3350 3351 3381 3396 3397 3406 3411 3434 
3316 1684 2661 2674 2742 2765 2793 2849 2853 2863 2939 2970 3021 3035 3049 3070 3082 3101 3132 3146 3169 3201 3206 3239 3240 3247 3252 3265 3267 3277 3297 3344 3397 3416 3419 
3393 1684 3046 3089 3288 3319 3344 
3397 1684 2661 2674 2693 2742 2765 2778 2781 2793 2828 2833 2849 2853 2863 2869 2901 2939 2973 3021 3034 3035 3038 3049 3070 3076 3082 3089 3101 3106 3115 3116 3132 3146 3150 3152 3169 3179 3201 3206 3239 3240 3247 3252 3265 3267 3277 3280 3288 3291 3297 3299 3316 3321 3330 3335 3344 3345 3347 3351 3406 3416 3419 3434 
3396 1684 2661 2672 2742 2778 2793 2796 2828 2833 2849 2869 2875 2894 2973 2991 3021 3076 3082 3115 3116 3132 3152 3179 3185 3280 3291 3330 3332 3347 3350 3411 3434 
2672 1684 2778 2781 2796 2875 2894 3076 3179 3185 3280 3319 3332 3350 3351 3396 3411 
2674 1684 2661 2742 2765 2770 2772 2778 2781 2793 2796 2828 2833 2849 2853 2863 2869 2939 2970 2991 3021 3035 3049 3070 3082 3101 3102 3115 3116 3132 3146 3150 3152 3169 3179 3185 3201 3206 3239 3247 3252 3265 3267 3277 3280 3288 3291 3297 3316 3330 3344 3347 3350 3351 3381 3397 3416 3419 3434 
3299 1684 2712 2742 2785 2833 2849 2901 2973 3038 3046 3082 3089 3106 3212 3240 3252 3267 3291 3321 3344 3345 3351 3397 3406 3434 
3169 1684 2661 2674 2742 2765 2770 2778 2781 2793 2828 2849 2853 2863 2869 2939 2970 2973 2991 3021 3035 3049 3070 3082 3101 3102 3106 3116 3132 3146 3150 3152 3179 3201 3239 3247 3252 3265 3267 3277 3280 3291 3297 3316 3330 3335 3344 3351 3381 3397 3416 3419 3434 
3297 1684 2661 2674 2742 2765 2770 2778 2781 2793 2796 2833 2849 2853 2863 2869 2939 2970 2991 3021 3035 3038 3049 3070 3082 3101 3102 3116 3132 3146 3150 3152 3169 3179 3185 3201 3239 3247 3252 3265 3267 3277 3280 3288 3291 3316 3330 3335 3351 3381 3397 3416 3419 
3291 1684 2661 2674 2712 2742 2770 2781 2787 2793 2828 2833 2849 2901 2904 2939 2973 3027 3038 3049 3076 3082 3101 3106 3115 3116 3132 3146 3150 3152 3169 3201 3206 3239 3240 3247 3252 3267 3277 3280 3288 3297 3299 3321 3330 3332 3335 3344 3345 3347 3351 3396 3397 3406 3416 3434 
3212 1684 2742 2785 2793 2833 2849 2904 2973 3038 3046 3089 3116 3132 3240 3299 3321 3335 3345 3406 3434 
3089 1684 2742 2785 2793 2833 2849 2904 2973 3034 3038 3046 3101 3106 3116 3212 3240 3252 3299 3319 3321 3332 3344 3345 3393 3397 3406 
2830 1684 2728 3319 3434 
3082 1684 2661 2674 2742 2765 2778 2781 2787 2793 2796 2828 2833 2849 2853 2863 2869 2901 2904 2939 2970 2973 2991 3021 3034 3035 3038 3049 3070 3076 3101 3106 3115 3116 3132 3146 3150 3152 3169 3185 3201 3206 3239 3240 3247 3252 3265 3267 3277 3280 3291 3297 3299 3316 3321 3330 3332 3335 3344 3345 3347 3350 3351 3381 3396 3397 3406 3411 3416 3419 3434 
3179 1684 2661 2672 2674 2742 2778 2781 2828 2833 2849 2875 2894 2939 2970 3035 3049 3076 3101 3102 3115 3116 3132 3150 3169 3185 3201 3247 3265 3280 3297 3332 3350 3351 3396 3397 3411 3434 
3076 1684 2661 2672 2742 2778 2781 2796 2828 2833 2849 2875 2894 3046 3082 3101 3115 3116 3132 3150 3152 3179 3185 3201 3206 3280 3291 3332 3347 3350 3381 3396 3397 3411 3434 
3288 1684 2674 2712 2742 2781 2793 2833 2849 2901 2991 3021 3035 3038 3101 3115 3132 3146 3152 3280 3291 3297 3332 3350 3393 3397 3411 3419 3434 
3280 1684 2661 2672 2674 2712 2742 2770 2778 2781 2785 2793 2796 2828 2833 2849 2853 2863 2869 2875 2894 2904 2939 2970 2973 2991 3021 3035 3049 3076 3082 3101 3102 3115 3116 3132 3150 3152 3169 3179 3185 3201 3206 3247 3252 3265 3267 3277 3288 3291 3297 3330 3332 3344 3347 3350 3351 3381 3396 3397 3419 3434 
3206 1684 2661 2674 2742 2765 2793 2849 2853 2863 2901 2904 2939 2970 2973 3021 3035 3049 3070 3076 3082 3101 3116 3132 3146 3201 3239 3240 3247 3252 3280 3291 3316 3344 3347 3351 3397 3416 3434 
3201 1642 1684 2661 2674 2712 2742 2764 2765 2770 2778 2781 2793 2796 2828 2833 2849 2853 2863 2869 2901 2904 2939 2970 2973 2991 3021 3035 3049 3070 3076 3082 3101 3102 3106 3115 3116 3132 3146 3150 3152 3169 3179 3185 3206 3239 3247 3252 3265 3267 3277 3280 3291 3297 3316 3330 3344 3347 3350 3351 3381 3397 3406 3411 3416 3419 3434 
2894 1684 2661 2672 2742 2778 2781 2796 2833 2849 2853 2875 2973 2991 3035 3049 3076 3115 3116 3179 3185 3280 3332 3350 3381 3396 3411 
1642 1684 2693 2764 3201 3319 
2693 1642 1684 2764 3319 3397 
2734 1684 2787 3027 3319 3347 
2863 1684 2661 2674 2742 2765 2770 2778 2781 2785 2787 2793 2796 2833 2849 2853 2869 2901 2904 2939 2991 3021 3034 3035 3038 3049 3070 3082 3101 3102 3115 3116 3132 3146 3150 3152 3169 3185 3201 3206 3239 3247 3252 3265 3267 3277 3280 3297 3316 3330 3335 3344 3347 3351 3381 3397 3416 3419 3434 
2869 1684 2661 2674 2742 2778 2781 2796 2828 2833 2849 2853 2863 2939 2991 3021 3035 3049 3082 3101 3116 3132 3152 3169 3201 3239 3252 3267 3277 3280 3297 3330 3335 3347 3350 3351 3381 3396 3397 3416 3419 
3106 1684 2742 2793 2828 2849 2853 2901 2970 2973 2991 3038 3046 3049 3070 3082 3089 3101 3116 3146 3169 3201 3239 3240 3247 3252 3267 3291 3299 3319 3321 3330 3332 3344 3345 3397 3406 3416 3434 
3239 1684 2661 2674 2742 2765 2770 2778 2793 2833 2849 2853 2863 2869 2939 2970 2973 2991 3021 3035 3049 3070 3082 3101 3102 3106 3116 3132 3146 3152 3169 3201 3206 3240 3247 3252 3265 3267 3277 3291 3297 3316 3321 3330 3344 3345 3347 3351 3381 3397 3406 3416 3419 3434 
3434 1684 2661 2674 2712 2765 2770 2778 2781 2793 2796 2828 2830 2833 2849 2863 2901 2904 2939 2970 2973 2991 3021 3035 3038 3046 3049 3070 3076 3082 3101 3102 3106 3115 3116 3132 3146 3152 3169 3179 3185 3201 3206 3212 3239 3240 3247 3252 3277 3280 3288 3291 3299 3321 3330 3332 3335 3344 3345 3347 3351 3381 3396 3397 3406 3411 3416 3419 
3101 1684 2661 2674 2712 2742 2765 2770 2778 2781 2785 2787 2793 2796 2828 2833 2849 2853 2863 2869 2875 2901 2939 2970 2973 2991 3021 3027 3034 3035 3038 3049 3070 3076 3082 3089 3102 3106 3115 3116 3132 3146 3150 3152 3169 3179 3185 3201 3206 3239 3240 3247 3252 3265 3267 3277 3280 3288 3291 3297 3316 3330 3332 3335 3344 3347 3350 3351 3381 3397 3406 3411 3416 3419 3434 
3102 1684 2661 2674 2742 2765 2770 2778 2828 2833 2849 2853 2863 2939 2970 2991 3021 3035 3049 3101 3116 3132 3146 3150 3152 3169 3179 3185 3201 3239 3247 3252 3265 3267 3277 3280 3297 3330 3344 3347 3351 3416 3434 
3345 1684 2712 2742 2778 2785 2793 2833 2849 2901 2904 2973 3034 3038 3046 3082 3089 3106 3212 3239 3240 3252 3291 3299 3321 3330 3344 3397 3406 3434 
3185 1684 2661 2672 2674 2742 2770 2778 2796 2828 2833 2849 2863 2875 2894 2939 2970 2991 3035 3049 3076 3082 3101 3102 3115 3116 3132 3150 3152 3179 3201 3267 3277 3280 3297 3335 3347 3350 3351 3396 3411 3419 3434 
2742 1684 2661 2674 2712 2765 2770 2778 2781 2785 2793 2796 2828 2849 2863 2869 2875 2894 2901 2904 2939 2970 2973 2991 3021 3027 3035 3038 3046 3049 3070 3076 3082 3089 3101 3102 3106 3115 3116 3132 3146 3150 3152 3169 3179 3185 3201 3206 3212 3239 3240 3247 3252 3265 3267 3277 3280 3288 3291 3297 3299 3316 3319 3321 3330 3332 3335 3344 3345 3347 3350 3351 3396 3397 3406 3411 3416 3419 
2875 1684 2661 2672 2742 2778 2793 2828 2833 2849 2894 2904 3076 3101 3115 3116 3150 3179 3185 3280 3332 3335 3350 3396 3411 
2728 1684 2830 3319 
3351 1684 2661 2672 2674 2712 2742 2765 2770 2778 2781 2793 2796 2828 2833 2849 2853 2863 2869 2901 2939 2970 2973 2991 3021 3035 3038 3049 3070 3082 3101 3102 3115 3116 3132 3146 3150 3152 3169 3179 3185 3201 3206 3239 3247 3252 3265 3267 3277 3280 3291 3297 3299 3321 3330 3335 3344 3347 3381 3397 3416 3419 3434 
3350 1684 2661 2672 2674 2712 2742 2778 2781 2793 2796 2828 2833 2849 2869 2875 2894 2991 3049 3070 3076 3082 3101 3115 3116 3132 3150 3152 3179 3185 3201 3280 3288 3319 3332 3335 3347 3381 3396 3411 
2973 1684 2661 2742 2765 2793 2828 2833 2849 2894 2939 3021 3035 3038 3046 3049 3070 3082 3089 3101 3106 3115 3116 3132 3146 3152 3169 3201 3206 3212 3239 3240 3247 3252 3280 3291 3299 3319 3321 3330 3332 3344 3345 3347 3351 3396 3397 3406 3434 
2970 1684 2661 2674 2742 2765 2793 2828 2849 2939 3021 3035 3049 3070 3082 3101 3102 3106 3115 3116 3132 3146 3150 3169 3179 3185 3201 3206 3239 3247 3252 3265 3280 3297 3316 3330 3332 3344 3351 3411 3416 3419 3434 
3070 1684 2661 2674 2712 2742 2765 2770 2787 2793 2849 2853 2863 2901 2939 2970 2973 2991 3021 3034 3035 3049 3082 3101 3106 3116 3132 3146 3150 3152 3169 3201 3206 3239 3240 3247 3252 3265 3267 3277 3297 3316 3330 3344 3350 3351 3397 3416 3434 
3116 1684 2661 2674 2742 2765 2770 2778 2781 2787 2793 2828 2833 2849 2853 2863 2869 2875 2894 2901 2904 2939 2970 2973 2991 3021 3027 3035 3038 3049 3070 3076 3082 3089 3101 3102 3106 3115 3132 3146 3150 3152 3169 3179 3185 3201 3206 3212 3239 3247 3252 3265 3267 3280 3291 3297 3321 3330 3332 3335 3344 3347 3350 3351 3381 3396 3397 3411 3416 3419 3434 
3115 1684 2661 2674 2742 2778 2793 2828 2833 2849 2863 2875 2894 2970 2973 3021 3035 3049 3076 3082 3101 3116 3132 3150 3152 3179 3185 3201 3247 3252 3265 3280 3288 3291 3335 3344 3350 3351 3396 3397 3411 3419 3434 
1684 1642 2661 2672 2674 2693 2712 2728 2734 2742 2764 2765 2770 2772 2778 2781 2785 2787 2793 2796 2828 2830 2833 2849 2853 2863 2869 2875 2894 2901 2904 2939 2970 2973 2991 3021 3027 3034 3035 3038 3046 3049 3070 3076 3082 3089 3101 3102 3106 3115 3116 3132 3146 3150 3152 3169 3179 3185 3201 3206 3212 3239 3240 3247 3252 3265 3267 3277 3280 3288 3291 3297 3299 3316 3319 3321 3330 3332 3335 3344 3345 3347 3350 3351 3381 3393 3396 3397 3406 3411 3416 3419 3434 
