249 0 24 53 57 80 92 94 101 163 180 187 194 196 204 213 242 254 266 299 302 304 315 330 346 
204 0 5 53 57 80 92 94 101 130 180 194 196 213 242 249 254 266 277 302 329 330 346 
0 5 24 53 57 80 92 94 101 130 163 180 187 194 196 204 213 242 249 254 266 277 299 302 304 315 329 330 346 
213 0 5 53 57 80 130 204 242 249 277 315 
194 0 24 53 80 92 94 101 180 187 196 204 242 249 254 266 299 302 346 
196 0 53 92 180 194 204 249 254 266 330 346 
330 0 53 80 92 94 101 196 204 242 249 254 266 299 302 346 
315 0 5 53 80 94 213 249 277 302 304 329 
130 0 53 204 213 277 329 346 
277 0 57 130 204 213 304 315 
80 0 24 57 92 94 101 180 187 194 204 213 242 249 266 299 315 330 346 
254 0 53 92 94 101 180 187 194 196 204 242 249 266 299 302 330 346 
24 0 53 57 80 92 94 101 180 187 194 242 249 266 299 302 346 
92 0 24 53 57 80 94 101 180 187 194 196 204 242 249 254 266 299 302 330 346 
180 0 5 24 53 80 92 94 101 187 194 196 204 242 249 254 266 299 302 346 
346 0 24 53 57 80 92 94 101 130 180 187 194 196 204 242 249 254 266 299 302 330 
5 0 180 187 204 213 315 
187 0 5 24 80 92 94 101 180 194 242 249 254 266 299 302 346 
329 0 130 204 315 
302 0 24 53 57 92 94 101 180 187 194 204 242 249 254 266 299 315 330 346 
304 0 249 277 315 
266 0 24 53 80 92 94 101 180 187 194 196 204 242 249 254 302 330 346 
242 0 24 53 57 80 92 94 101 180 187 194 204 213 249 254 266 299 302 330 346 
101 0 24 53 80 92 94 180 187 194 204 242 249 254 266 299 302 330 346 
94 0 24 53 80 92 101 180 187 194 204 242 249 254 266 299 302 315 330 346 
163 0 249 
57 0 24 80 92 204 213 242 249 277 302 346 
53 0 24 92 94 101 130 180 194 196 204 213 242 249 254 266 299 302 315 330 346 
299 0 24 53 80 92 94 101 180 187 194 242 249 254 302 330 346 
