939 107 931 1064 1154 1212 1295 1342 1356 1425 1453 1478 1497 1545 1566 1829 1831 1910 
1342 107 939 1064 1212 1425 1478 1637 1700 1831 1910 
1425 107 939 1212 1342 1356 1478 1545 1831 
1212 107 931 939 1064 1342 1356 1425 1453 1478 1497 1545 1566 1829 1831 1910 
1829 107 931 939 1064 1212 1356 1453 1478 1831 1910 
1545 107 939 1212 1425 1478 1831 1910 
1637 107 1342 
1154 107 939 1295 1356 
1453 107 931 939 1064 1212 1356 1478 1829 1831 
1064 107 931 939 1212 1342 1356 1453 1478 1497 1566 1829 1831 1910 
1356 107 939 1064 1154 1212 1425 1453 1478 1497 1566 1829 1831 1910 
1700 107 1342 
107 931 939 1064 1154 1212 1295 1342 1356 1425 1453 1478 1497 1545 1566 1637 1700 1829 1831 1910 
1831 107 931 939 1064 1212 1342 1356 1425 1453 1478 1497 1545 1566 1829 1910 
1497 107 939 1064 1212 1356 1566 1831 1910 
1910 107 931 939 1064 1212 1342 1356 1478 1497 1545 1566 1829 1831 
1478 107 939 1064 1212 1342 1356 1425 1453 1545 1566 1829 1831 1910 
931 107 939 1064 1212 1453 1566 1829 1831 1910 
1566 107 931 939 1064 1212 1356 1478 1497 1831 1910 
1295 107 939 1154 
