1574 107 353 363 366 428 483 484 517 526 538 563 566 580 606 637 641 651 914 915 930 936 948 962 976 1013 1114 1122 1142 1155 1179 1200 1210 1237 1300 1320 1349 1357 1358 1374 1385 1408 1425 1446 1473 1487 1496 1514 1529 1536 1543 1545 1549 1616 1625 1645 1677 1679 1692 1695 1740 1744 1763 1766 1773 1778 1870 1882 
962 107 428 483 641 915 930 1064 1095 1142 1210 1212 1234 1235 1294 1425 1453 1487 1545 1549 1574 1671 1677 1743 1778 1831 1844 1910 
107 353 363 366 428 483 484 517 526 538 563 566 580 606 637 641 651 914 915 930 936 948 962 976 1013 1064 1095 1114 1122 1142 1155 1179 1200 1210 1212 1234 1235 1237 1294 1300 1320 1349 1357 1358 1374 1385 1408 1425 1446 1453 1473 1487 1496 1514 1529 1536 1543 1545 1549 1574 1616 1625 1645 1671 1677 1679 1692 1695 1740 1743 1744 1763 1766 1773 1778 1831 1844 1870 1882 1910 
1142 107 366 483 580 637 915 930 948 962 1294 1358 1374 1446 1514 1549 1574 1616 1625 1645 1695 1766 1773 1844 
1349 107 353 363 366 483 484 538 580 606 930 976 1122 1155 1179 1237 1300 1320 1358 1374 1408 1514 1543 1574 1645 1677 1740 1743 1744 1763 1844 1882 
1320 107 353 363 366 428 483 484 517 526 538 566 580 606 637 641 651 936 948 1095 1114 1122 1155 1179 1210 1237 1300 1349 1357 1358 1374 1425 1514 1545 1574 1616 1625 1645 1677 1679 1692 1695 1740 1744 1766 1778 1844 1870 1882 
606 107 353 363 366 428 483 484 517 526 538 580 641 915 936 1122 1179 1210 1300 1320 1349 1357 1358 1374 1487 1514 1536 1574 1616 1645 1671 1677 1692 1744 1766 1778 1882 
1300 107 366 428 483 484 580 606 637 641 936 1095 1114 1179 1210 1320 1349 1357 1358 1374 1514 1574 1645 1740 1744 
1095 107 483 484 517 580 962 1210 1294 1300 1320 1357 1487 1692 
1122 107 353 363 366 483 484 538 580 606 641 651 930 936 976 1155 1179 1237 1320 1349 1358 1374 1408 1514 1543 1574 1616 1645 1677 1679 1692 1740 1743 1744 1844 1882 
1200 107 1574 
1064 107 962 1212 1234 1453 1473 1671 1743 1831 1910 
1237 107 353 363 366 428 483 484 517 526 538 566 580 641 936 948 1122 1155 1179 1320 1349 1358 1374 1473 1487 1514 1543 1574 1616 1677 1692 1744 1763 1766 1778 1882 
1487 107 353 483 484 517 526 538 606 637 651 915 948 962 1095 1114 1155 1237 1357 1374 1473 1536 1543 1545 1574 1677 1692 1744 1844 1910 
1870 107 483 517 538 580 930 936 948 1320 1543 1574 1677 1695 1763 1766 1882 
1844 107 353 363 366 483 566 580 641 915 930 948 962 1122 1142 1155 1210 1294 1320 1349 1358 1374 1408 1425 1487 1514 1543 1545 1549 1616 1625 1645 1671 1677 1695 1743 1744 1763 1766 1773 1882 
1831 107 962 1064 1210 1212 1234 1385 1425 1453 1545 1671 1743 1910 
976 107 353 363 366 483 517 580 930 1122 1349 1358 1374 1514 1574 1616 1645 1677 1679 1692 1743 1882 
1545 107 363 428 483 484 538 637 651 915 962 1179 1212 1320 1358 1385 1425 1473 1487 1496 1574 1679 1743 1778 1831 1844 1910 
1425 107 353 363 428 483 641 915 930 962 1210 1212 1294 1320 1358 1545 1549 1574 1625 1671 1743 1773 1778 1831 1844 
1543 107 353 483 484 517 538 580 637 948 1114 1122 1237 1349 1358 1487 1574 1677 1679 1692 1844 1870 
1773 107 483 930 948 1142 1425 1446 1549 1574 1625 1679 1695 1763 1766 1844 
428 107 353 366 484 517 526 563 606 641 651 915 930 962 1013 1114 1179 1210 1237 1300 1320 1358 1374 1408 1425 1446 1536 1545 1549 1574 1692 1740 1778 
1616 107 353 363 366 483 484 517 526 580 606 637 641 930 936 976 1114 1122 1142 1155 1179 1237 1320 1358 1374 1446 1514 1574 1645 1671 1677 1692 1740 1744 1844 1882 
1212 107 962 1064 1210 1234 1425 1453 1545 1671 1743 1831 1910 
1778 107 353 428 483 484 517 526 538 606 637 641 651 915 962 1114 1179 1210 1237 1320 1357 1385 1425 1446 1529 1545 1549 1574 1645 1740 1744 1882 
1549 107 366 428 641 915 930 948 962 1013 1142 1210 1294 1408 1425 1446 1574 1625 1671 1695 1740 1763 1766 1773 1778 1844 
1446 107 366 428 483 517 580 641 915 930 948 1142 1210 1358 1514 1549 1574 1616 1645 1692 1695 1744 1763 1766 1773 1778 1882 
526 107 353 363 366 428 483 484 517 538 566 606 637 651 1114 1179 1237 1320 1357 1358 1487 1574 1616 1740 1778 1882 
1408 107 366 428 483 484 538 651 914 915 930 1114 1122 1155 1210 1349 1453 1549 1574 1740 1844 1882 
1692 107 353 363 366 428 483 484 517 538 566 580 606 637 651 976 1095 1114 1122 1179 1210 1237 1320 1357 1358 1374 1446 1487 1536 1543 1574 1616 1645 1679 1763 
1114 107 353 428 483 484 517 526 538 641 936 1155 1179 1210 1300 1320 1357 1358 1408 1487 1543 1574 1616 1677 1692 1744 1778 1882 
651 107 353 363 366 428 483 484 517 526 538 566 641 936 1122 1179 1320 1357 1358 1374 1408 1473 1487 1536 1545 1574 1645 1679 1692 1744 1763 1778 1882 
915 107 428 606 641 914 930 948 962 1142 1155 1294 1408 1425 1446 1487 1545 1549 1574 1625 1671 1763 1766 1778 1844 
914 107 915 1408 1453 1574 1882 
930 107 353 366 428 483 580 641 915 948 962 976 1122 1142 1155 1210 1294 1349 1358 1374 1408 1425 1446 1514 1549 1574 1616 1625 1645 1671 1679 1695 1763 1766 1773 1844 1870 1882 
936 107 353 363 366 483 484 517 566 580 606 637 651 1114 1122 1155 1179 1237 1300 1320 1358 1374 1574 1616 1645 1677 1740 1870 1882 
1671 107 363 606 637 641 915 930 962 1064 1210 1212 1234 1294 1358 1425 1453 1549 1616 1743 1763 1831 1844 1910 
1013 107 428 563 1385 1549 1574 
1234 107 962 1064 1212 1453 1671 1831 1910 
1235 107 641 962 
1210 107 428 483 580 606 641 930 962 1095 1114 1179 1212 1294 1300 1320 1358 1408 1425 1446 1549 1574 1671 1692 1740 1743 1744 1766 1778 1831 1844 
1358 107 353 363 366 428 483 484 517 526 538 566 580 606 637 641 651 930 936 948 976 1114 1122 1142 1155 1179 1210 1237 1300 1320 1349 1374 1425 1446 1473 1514 1543 1545 1574 1616 1645 1671 1677 1679 1692 1695 1740 1744 1763 1766 1844 1882 
580 107 353 363 366 483 484 517 538 566 606 637 641 930 936 976 1095 1122 1142 1155 1179 1210 1237 1294 1300 1320 1349 1358 1374 1446 1514 1543 1574 1616 1645 1677 1679 1692 1740 1743 1744 1844 1870 1882 
637 107 353 363 366 483 484 517 526 538 566 580 641 936 1142 1155 1179 1300 1320 1358 1374 1473 1487 1536 1543 1545 1574 1616 1645 1671 1677 1679 1692 1744 1766 1778 1882 
1155 107 353 363 366 483 484 566 580 637 915 930 936 1114 1122 1179 1237 1320 1349 1358 1408 1487 1574 1616 1645 1677 1679 1844 1882 
948 107 483 538 915 930 1142 1237 1320 1358 1446 1487 1543 1549 1574 1625 1677 1695 1763 1766 1773 1844 1870 
563 107 428 483 566 1013 1574 
1357 107 483 484 526 606 651 1095 1114 1179 1300 1320 1487 1536 1574 1692 1778 
1374 107 353 363 366 428 483 484 517 538 580 606 637 641 651 930 936 976 1122 1142 1179 1237 1300 1320 1349 1358 1487 1574 1616 1645 1692 1844 
566 107 353 363 366 483 484 517 526 538 563 580 637 651 936 1155 1237 1320 1358 1536 1574 1692 1740 1844 
363 107 353 366 483 484 517 526 538 566 580 606 637 651 936 976 1122 1155 1179 1237 1320 1349 1358 1374 1425 1514 1529 1536 1545 1574 1616 1645 1671 1677 1692 1740 1744 1844 
366 107 353 363 428 483 484 517 526 538 566 580 606 637 651 930 936 976 1122 1142 1155 1179 1237 1300 1320 1349 1358 1374 1408 1446 1514 1549 1574 1616 1645 1692 1740 1844 1882 
1473 107 483 637 651 1064 1237 1358 1487 1536 1545 1574 
1179 107 363 366 428 483 484 517 526 538 580 606 637 641 651 936 1114 1122 1155 1210 1237 1300 1320 1349 1357 1358 1374 1545 1574 1616 1645 1692 1740 1744 1778 1882 
1496 107 1385 1529 1536 1545 1574 
1514 107 353 363 366 483 484 517 580 606 930 976 1122 1142 1237 1300 1320 1349 1358 1446 1574 1616 1645 1677 1679 1740 1744 1844 1882 
1910 107 962 1064 1212 1234 1385 1487 1545 1671 1743 1831 
484 107 353 363 366 428 483 517 526 538 566 580 606 637 651 936 1095 1114 1122 1155 1179 1237 1300 1320 1349 1357 1358 1374 1408 1487 1514 1536 1543 1545 1574 1616 1645 1677 1692 1740 1778 1882 
483 107 353 363 366 484 517 526 538 563 566 580 606 637 641 651 930 936 948 962 976 1095 1114 1122 1142 1155 1179 1210 1237 1294 1300 1320 1349 1357 1358 1374 1408 1425 1446 1473 1487 1514 1536 1543 1545 1574 1616 1625 1645 1677 1679 1692 1695 1740 1744 1763 1766 1773 1778 1844 1870 1882 
1882 107 353 366 483 484 526 580 606 637 641 651 914 930 936 976 1114 1122 1155 1179 1237 1320 1349 1358 1408 1446 1514 1574 1616 1645 1679 1695 1740 1744 1763 1766 1778 1844 1870 
1645 107 353 363 366 483 484 517 580 606 637 651 930 936 976 1122 1142 1155 1179 1300 1320 1349 1358 1374 1446 1514 1574 1616 1677 1679 1692 1740 1743 1744 1763 1766 1778 1844 1882 
1677 107 353 363 483 484 517 538 580 606 637 936 948 962 976 1114 1122 1155 1237 1320 1349 1358 1487 1514 1543 1574 1616 1645 1679 1740 1744 1763 1844 1870 
1625 107 483 641 915 930 948 1142 1294 1320 1425 1549 1574 1695 1763 1766 1773 1844 
1740 107 353 363 366 428 483 484 526 566 580 936 1122 1179 1210 1300 1320 1349 1358 1408 1514 1549 1574 1616 1645 1677 1744 1766 1778 1882 
1679 107 353 483 538 580 637 651 930 976 1122 1155 1320 1358 1514 1543 1545 1574 1645 1677 1692 1773 1882 
1529 107 353 363 1385 1496 1574 1778 
641 107 353 428 483 580 606 637 651 915 930 962 1114 1122 1179 1210 1235 1237 1300 1320 1358 1374 1425 1446 1549 1574 1616 1625 1671 1744 1763 1766 1778 1844 1882 
1536 107 363 428 483 484 566 606 637 651 1357 1473 1487 1496 1574 1692 
353 107 363 366 428 483 484 517 526 538 566 580 606 637 641 651 930 936 976 1114 1122 1155 1237 1320 1349 1358 1374 1425 1487 1514 1529 1543 1574 1616 1645 1677 1679 1692 1740 1744 1778 1844 1882 
1294 107 483 580 915 930 962 1095 1142 1210 1425 1549 1625 1671 1766 1844 
1695 107 483 538 930 948 1142 1320 1358 1446 1549 1574 1625 1763 1766 1773 1844 1870 1882 
1453 107 914 962 1064 1212 1234 1408 1671 1743 1831 
1744 107 353 363 483 580 606 637 641 651 1114 1122 1179 1210 1237 1300 1320 1349 1358 1446 1487 1514 1574 1616 1645 1677 1740 1766 1778 1844 1882 
1763 107 483 538 641 651 915 930 948 1237 1349 1358 1446 1549 1574 1625 1645 1671 1677 1692 1695 1766 1773 1844 1870 1882 
1743 107 580 962 976 1064 1122 1210 1212 1349 1425 1453 1545 1645 1671 1831 1844 1910 
1766 107 483 606 637 641 915 930 948 1142 1210 1237 1294 1320 1358 1446 1549 1574 1625 1645 1695 1740 1744 1763 1773 1844 1870 1882 
1385 107 1013 1496 1529 1545 1574 1778 1831 1910 
517 107 353 363 366 428 483 484 526 538 566 580 606 637 651 936 976 1095 1114 1179 1237 1320 1358 1374 1446 1487 1514 1543 1574 1616 1645 1677 1692 1778 1870 
538 107 353 363 366 483 484 517 526 566 580 606 637 651 948 1114 1122 1179 1237 1320 1349 1358 1374 1408 1487 1543 1545 1574 1677 1679 1692 1695 1763 1778 1870 
