3118 1684 2662 2711 2724 2730 2739 2768 2778 2823 2840 2845 2938 2951 2976 2984 3002 3005 3017 3019 3034 3072 3077 3089 3100 3111 3145 3160 3162 3168 3172 3233 3263 3287 3295 3320 3332 3353 3366 3377 3379 3386 3396 3403 3412 
3396 1684 2661 2672 2684 2701 2708 2718 2719 2733 2742 2778 2793 2796 2797 2823 2828 2833 2840 2845 2849 2869 2875 2894 2936 2937 2938 2958 2973 2991 3011 3017 3021 3039 3051 3057 3060 3076 3079 3082 3111 3115 3116 3118 3132 3145 3152 3170 3172 3179 3182 3185 3225 3258 3261 3262 3274 3280 3281 3287 3289 3291 3298 3320 3330 3332 3347 3350 3355 3367 3377 3378 3386 3403 3411 3422 3434 
2938 1684 2730 2778 3118 3182 3289 3396 
2711 1684 2724 2951 3019 3077 3118 3162 3233 3366 3412 
3076 1684 2661 2672 2684 2701 2708 2718 2719 2733 2742 2778 2796 2797 2823 2828 2833 2845 2849 2875 2894 2937 2958 2976 3002 3011 3017 3019 3039 3060 3079 3082 3111 3115 3116 3132 3145 3152 3172 3179 3182 3185 3225 3258 3261 3262 3274 3280 3281 3287 3289 3291 3298 3320 3332 3347 3350 3353 3367 3377 3378 3396 3403 3411 3422 3434 
2849 1684 2661 2742 2778 2793 2796 2828 2833 2869 2875 2894 2973 2991 3021 3076 3082 3089 3115 3116 3132 3152 3179 3185 3280 3291 3330 3332 3347 3350 3396 3434 
3434 1684 2661 2684 2708 2719 2733 2778 2793 2796 2823 2828 2833 2849 2936 2937 2973 2976 2991 3017 3021 3051 3076 3079 3082 3111 3115 3116 3132 3152 3170 3172 3179 3182 3185 3258 3261 3280 3291 3320 3330 3332 3347 3353 3355 3386 3396 3411 3422 
2718 1684 3076 3115 3263 3330 3350 3396 
2845 1684 2708 2724 2797 2823 2937 2951 3002 3019 3051 3060 3076 3118 3172 3261 3263 3287 3295 3298 3396 3403 
2840 1684 2719 2958 2973 2976 3002 3017 3034 3039 3060 3082 3111 3118 3145 3172 3185 3225 3281 3287 3320 3367 3377 3378 3396 3403 
3320 1684 2661 2672 2684 2701 2708 2719 2733 2742 2778 2793 2796 2797 2823 2828 2833 2840 2869 2875 2894 2936 2937 2973 2976 2991 3005 3017 3021 3039 3051 3060 3076 3079 3082 3100 3111 3116 3118 3132 3145 3152 3170 3172 3182 3185 3225 3258 3261 3274 3280 3281 3287 3291 3298 3332 3347 3350 3353 3355 3367 3377 3378 3386 3396 3403 3422 3434 
3057 1684 3005 3263 3396 
3412 1684 2662 2711 2724 2730 2951 3002 3019 3077 3118 3162 3168 3233 3295 3366 3379 
3411 1684 2661 2672 2742 2828 2833 2875 2894 2951 3005 3011 3060 3076 3079 3082 3115 3116 3132 3152 3172 3179 3182 3185 3258 3262 3330 3332 3350 3396 3434 
3258 1684 2672 2684 2701 2708 2719 2733 2742 2797 2823 2833 2875 2894 2937 2976 3011 3017 3060 3076 3079 3116 3152 3172 3179 3182 3262 3274 3291 3320 3332 3350 3396 3411 3434 
2719 1684 2661 2672 2701 2708 2742 2778 2793 2796 2797 2823 2828 2833 2840 2869 2875 2894 2936 2937 2973 2976 2991 3005 3017 3039 3051 3060 3076 3079 3082 3100 3111 3115 3116 3132 3145 3170 3172 3179 3182 3185 3225 3258 3261 3262 3274 3280 3281 3287 3291 3298 3320 3330 3332 3347 3350 3353 3355 3367 3377 3378 3386 3396 3422 3434 
2708 1684 2661 2672 2684 2701 2719 2796 2797 2823 2828 2845 2869 2875 2894 2937 3011 3051 3076 3079 3115 3145 3172 3179 3182 3258 3262 3298 3320 3332 3350 3396 3434 
2701 1684 2672 2684 2708 2719 2797 2823 2875 2894 2937 2976 3011 3076 3079 3179 3182 3258 3261 3262 3280 3287 3298 3320 3332 3350 3396 
3332 1684 2661 2672 2684 2701 2708 2719 2724 2742 2778 2793 2797 2823 2828 2833 2849 2875 2894 2936 2937 2973 3011 3021 3051 3060 3076 3079 3082 3089 3116 3118 3132 3145 3152 3170 3172 3179 3182 3258 3261 3262 3280 3287 3291 3298 3320 3330 3347 3350 3353 3355 3378 3396 3403 3411 3434 
3403 1684 2730 2768 2823 2840 2845 2894 2936 2976 3002 3005 3017 3034 3039 3060 3072 3076 3089 3111 3118 3145 3172 3185 3225 3261 3263 3287 3320 3332 3347 3353 3366 3386 3396 3422 
3330 1684 2661 2718 2719 2742 2778 2793 2828 2833 2849 2869 2936 2951 2973 2991 3017 3051 3060 3082 3116 3132 3145 3152 3280 3291 3332 3347 3355 3396 3411 3422 3434 
3132 1684 2661 2719 2742 2778 2793 2796 2828 2833 2849 2869 2973 2991 3021 3051 3060 3076 3082 3115 3116 3145 3152 3179 3185 3280 3291 3320 3330 3332 3347 3350 3355 3396 3411 3434 
3039 1684 2719 2778 2796 2840 3005 3076 3111 3172 3185 3225 3261 3274 3287 3320 3377 3378 3396 3403 3422 
3034 1684 2768 2840 2951 3002 3072 3079 3082 3089 3118 3152 3261 3263 3287 3366 3403 
2991 1684 2661 2719 2742 2778 2793 2796 2828 2833 2849 2869 2894 2937 3051 3060 3082 3116 3132 3145 3152 3172 3185 3280 3320 3330 3347 3350 3378 3396 3434 
3170 1684 2719 2823 2828 2869 2875 2936 2937 3051 3116 3172 3185 3280 3291 3298 3320 3332 3347 3350 3377 3378 3396 3434 
2793 1684 2661 2719 2742 2828 2833 2849 2875 2936 2937 2973 2991 3021 3051 3060 3072 3082 3089 3115 3116 3132 3152 3160 3280 3291 3320 3330 3332 3347 3350 3353 3355 3386 3396 3434 
2796 1684 2672 2708 2719 2742 2778 2828 2833 2849 2869 2894 2936 2991 3017 3039 3051 3060 3076 3082 3111 3132 3145 3172 3185 3261 3274 3280 3287 3320 3347 3350 3377 3378 3396 3422 3434 
2797 1684 2672 2684 2701 2708 2719 2733 2823 2845 2894 2936 2937 3011 3076 3079 3179 3182 3258 3262 3320 3332 3350 3378 3396 
2778 1684 2661 2672 2719 2742 2796 2823 2828 2833 2849 2869 2875 2894 2938 2991 3017 3039 3051 3060 3076 3082 3100 3111 3115 3116 3118 3132 3145 3172 3179 3182 3185 3225 3261 3274 3280 3287 3298 3320 3330 3332 3347 3350 3366 3377 3378 3396 3422 3434 
3274 1684 2661 2662 2672 2719 2768 2778 2796 2894 2951 2984 3017 3039 3051 3076 3111 3145 3152 3172 3182 3185 3225 3258 3261 3281 3287 3291 3320 3350 3353 3367 3377 3396 3422 
2828 1684 2661 2708 2719 2742 2778 2793 2796 2823 2833 2849 2869 2875 2936 2937 2973 2991 3051 3060 3076 3082 3115 3116 3132 3152 3170 3172 3179 3185 3261 3280 3291 3298 3320 3330 3332 3347 3350 3377 3378 3396 3411 3434 
3145 1684 2672 2708 2719 2778 2796 2823 2840 2869 2894 2936 2937 2991 3005 3017 3051 3060 3076 3082 3100 3111 3118 3132 3172 3182 3185 3261 3274 3280 3287 3291 3320 3330 3332 3347 3350 3377 3378 3386 3396 3403 3422 
2823 1684 2672 2684 2701 2708 2719 2778 2797 2828 2845 2875 2894 2937 3011 3051 3060 3076 3079 3082 3118 3145 3170 3172 3179 3182 3258 3261 3262 3287 3320 3332 3350 3378 3396 3403 3434 
3386 1684 2672 2719 2793 2869 2875 2936 2958 2973 2976 3011 3019 3051 3079 3082 3118 3145 3160 3182 3225 3291 3320 3350 3353 3355 3396 3403 3434 
3021 1684 2661 2742 2793 2833 2849 2869 2973 3082 3115 3116 3132 3152 3182 3280 3320 3332 3396 3434 
2984 1684 2662 2951 3118 3263 3274 3291 3353 3377 
2662 1684 2724 2951 2984 3002 3019 3051 3118 3152 3162 3168 3233 3274 3291 3353 3366 3412 
2661 1684 2708 2719 2742 2778 2793 2828 2833 2849 2869 2875 2894 2937 2973 2991 3021 3060 3076 3082 3115 3116 3132 3152 3172 3179 3182 3185 3261 3274 3280 3291 3320 3330 3332 3347 3350 3353 3355 3396 3411 3434 
2768 1684 2730 2951 2973 3002 3017 3034 3072 3077 3118 3263 3274 3287 3353 3403 
2936 1684 2719 2733 2793 2796 2797 2828 2833 2869 2937 2973 3051 3060 3082 3145 3152 3160 3170 3172 3261 3291 3298 3320 3330 3332 3347 3355 3378 3386 3396 3403 3434 
2937 1684 2661 2672 2684 2701 2708 2719 2733 2742 2793 2797 2823 2828 2833 2845 2869 2875 2894 2936 2973 2991 3011 3051 3060 3076 3079 3082 3115 3116 3145 3152 3170 3172 3179 3182 3258 3262 3280 3291 3298 3320 3332 3350 3353 3378 3396 3422 3434 
3261 1684 2661 2672 2701 2719 2778 2796 2823 2828 2845 2875 2894 2936 2958 2976 3017 3034 3039 3051 3076 3111 3116 3145 3172 3179 3182 3185 3225 3262 3274 3280 3287 3291 3298 3320 3332 3350 3377 3378 3396 3403 3422 3434 
3152 1684 2661 2662 2684 2733 2742 2793 2828 2833 2849 2869 2936 2937 2973 2991 3017 3021 3034 3051 3060 3072 3076 3082 3115 3116 3132 3172 3182 3185 3258 3274 3280 3291 3320 3330 3332 3347 3350 3353 3378 3396 3411 3434 
3263 1684 2718 2724 2768 2845 2951 2984 3002 3011 3034 3057 3072 3077 3089 3118 3287 3403 
3262 1684 2672 2684 2701 2708 2719 2733 2797 2823 2894 2937 2958 3011 3076 3079 3179 3182 3258 3261 3287 3332 3350 3396 3411 
2833 1684 2661 2719 2778 2793 2796 2828 2849 2869 2875 2894 2936 2937 2973 2991 3011 3017 3021 3051 3060 3076 3079 3082 3089 3115 3116 3132 3152 3179 3182 3185 3258 3280 3291 3298 3320 3330 3332 3347 3350 3355 3396 3411 3434 
3019 1684 2662 2711 2724 2730 2739 2845 2951 2958 3002 3011 3051 3076 3077 3079 3100 3118 3160 3162 3168 3233 3295 3350 3366 3377 3379 3386 3412 
3011 1684 2672 2684 2701 2708 2724 2733 2797 2823 2833 2894 2937 2958 3005 3019 3076 3079 3160 3179 3182 3258 3262 3263 3287 3332 3350 3386 3396 3411 
3017 1684 2719 2742 2768 2778 2796 2833 2840 2894 2951 2976 3005 3051 3060 3076 3082 3111 3118 3145 3152 3172 3182 3185 3225 3258 3261 3274 3281 3287 3291 3320 3330 3353 3367 3377 3378 3396 3403 3422 3434 
2672 1684 2684 2701 2708 2719 2778 2796 2797 2823 2875 2894 2937 3011 3076 3079 3145 3179 3182 3185 3258 3261 3262 3274 3280 3298 3320 3332 3350 3386 3396 3411 
3005 1684 2719 2875 2894 3011 3017 3039 3057 3060 3072 3111 3118 3145 3172 3185 3287 3320 3347 3366 3403 3411 
3298 1684 2672 2701 2708 2719 2733 2742 2778 2828 2833 2845 2936 2937 2976 3051 3060 3076 3111 3116 3160 3170 3172 3179 3182 3261 3280 3287 3320 3332 3350 3378 3396 
3168 1684 2662 2724 2730 2739 2951 3002 3019 3051 3077 3100 3118 3162 3179 3233 3295 3366 3379 3412 
3002 1684 2662 2724 2730 2739 2768 2840 2845 2951 3019 3034 3051 3072 3076 3077 3082 3089 3100 3118 3162 3168 3233 3263 3287 3291 3295 3353 3366 3379 3403 3412 
3295 1684 2724 2730 2845 2951 2958 3002 3019 3077 3100 3118 3162 3168 3233 3366 3412 
3162 1684 2662 2711 2724 2730 2739 2951 3002 3019 3051 3077 3100 3118 3168 3233 3295 3366 3379 3412 
3291 1684 2661 2662 2719 2742 2793 2828 2833 2849 2936 2937 2951 2973 2976 2984 3002 3017 3051 3060 3076 3082 3115 3116 3132 3145 3152 3170 3172 3182 3258 3261 3274 3280 3320 3330 3332 3347 3353 3355 3378 3386 3396 3422 3434 
3160 1684 2742 2793 2936 2958 2973 2976 3011 3019 3051 3079 3089 3118 3298 3350 3355 3386 
3366 1684 2662 2711 2724 2730 2739 2778 2951 3002 3005 3019 3034 3077 3100 3118 3162 3168 3233 3295 3347 3379 3403 3412 
3367 1684 2719 2840 3017 3060 3076 3274 3281 3320 3377 3396 
3089 1684 2742 2793 2833 2849 2973 2976 3002 3034 3116 3118 3160 3263 3287 3332 3355 3403 
2684 1684 2672 2701 2708 2797 2823 2875 2894 2937 2976 3011 3051 3060 3076 3079 3152 3172 3179 3182 3258 3262 3320 3332 3350 3396 3434 
3082 1684 2661 2719 2730 2742 2778 2793 2796 2823 2828 2833 2840 2849 2869 2936 2937 2951 2973 2991 3002 3017 3021 3034 3051 3060 3076 3115 3116 3132 3145 3152 3172 3182 3185 3280 3291 3320 3330 3332 3347 3350 3355 3378 3386 3396 3411 3434 
3179 1684 2661 2672 2684 2701 2708 2719 2733 2742 2778 2797 2823 2828 2833 2849 2875 2894 2937 2958 3011 3060 3076 3079 3100 3115 3116 3132 3168 3172 3182 3185 3258 3261 3262 3280 3298 3332 3350 3396 3411 3434 
3072 1684 2768 2793 3002 3005 3034 3118 3152 3263 3287 3353 3403 
2958 1684 2730 2733 2840 2875 2894 2976 3011 3019 3076 3079 3100 3111 3160 3179 3182 3261 3262 3280 3295 3350 3353 3377 3386 3396 
3289 1684 2730 2869 2938 2976 3076 3396 
3077 1684 2711 2724 2730 2768 2951 3002 3019 3118 3162 3168 3233 3263 3295 3366 3412 
3287 1684 2701 2719 2768 2778 2796 2823 2840 2845 2875 2976 3002 3005 3011 3017 3034 3039 3051 3060 3072 3076 3089 3111 3118 3145 3172 3185 3225 3261 3262 3263 3274 3298 3320 3332 3353 3355 3377 3396 3403 3422 
3079 1684 2672 2684 2701 2708 2719 2733 2742 2797 2823 2833 2875 2894 2937 2958 3011 3019 3034 3060 3076 3160 3172 3179 3182 3258 3262 3320 3332 3350 3386 3396 3411 3434 
3172 1684 2661 2684 2708 2719 2733 2742 2778 2796 2823 2828 2840 2845 2869 2875 2894 2936 2937 2976 2991 3005 3017 3039 3051 3060 3076 3079 3082 3111 3118 3145 3152 3170 3179 3182 3185 3225 3258 3261 3274 3280 3287 3291 3298 3320 3332 3347 3350 3353 3377 3378 3396 3403 3411 3422 3434 
2951 1684 2662 2711 2724 2730 2739 2768 2845 2984 3002 3017 3019 3034 3051 3077 3082 3100 3118 3162 3168 3233 3263 3274 3291 3295 3330 3353 3366 3379 3411 3412 
3281 1684 2719 2840 3017 3076 3225 3274 3320 3367 3377 3378 3396 
3280 1684 2661 2672 2701 2719 2742 2778 2793 2796 2828 2833 2849 2869 2875 2894 2937 2958 2973 2976 2991 3021 3051 3060 3076 3082 3111 3115 3116 3132 3145 3152 3170 3172 3179 3182 3185 3261 3291 3298 3320 3330 3332 3347 3350 3378 3396 3422 3434 
3379 1684 2724 2739 2951 3002 3019 3118 3162 3168 3233 3366 3412 
3378 1684 2719 2742 2778 2796 2797 2823 2828 2840 2869 2936 2937 2976 2991 3017 3039 3051 3060 3076 3082 3111 3115 3145 3152 3170 3172 3182 3185 3261 3280 3281 3291 3298 3320 3332 3347 3377 3396 
3377 1684 2719 2778 2796 2828 2840 2958 2984 3017 3019 3039 3076 3111 3118 3145 3170 3172 3185 3261 3274 3281 3287 3320 3367 3378 3396 3422 
2894 1684 2661 2672 2684 2701 2708 2719 2733 2742 2778 2796 2797 2823 2833 2849 2875 2937 2958 2973 2991 3005 3011 3017 3060 3076 3079 3111 3115 3116 3145 3172 3179 3182 3185 3225 3258 3261 3262 3274 3280 3320 3332 3350 3396 3403 3411 
3116 1684 2661 2719 2742 2778 2793 2828 2833 2849 2869 2875 2894 2937 2973 2991 3021 3051 3060 3076 3082 3089 3115 3132 3152 3170 3179 3182 3185 3258 3261 3280 3291 3298 3320 3330 3332 3347 3350 3396 3411 3422 3434 
2730 1684 2724 2739 2768 2938 2951 2958 3002 3019 3077 3082 3100 3118 3162 3168 3233 3289 3295 3366 3403 3412 
2733 1684 2797 2894 2936 2937 2958 3011 3060 3076 3079 3152 3172 3179 3182 3185 3258 3262 3298 3320 3350 3396 3434 
2869 1684 2661 2708 2719 2742 2778 2796 2828 2833 2849 2936 2937 2991 3021 3051 3060 3082 3116 3132 3145 3152 3170 3172 3280 3289 3320 3330 3347 3350 3378 3386 3396 
2739 1684 2724 2730 2951 3002 3019 3118 3162 3168 3233 3366 3379 
3060 1684 2661 2684 2719 2733 2742 2778 2793 2796 2823 2828 2833 2840 2845 2869 2875 2894 2936 2937 2973 2976 2991 3005 3017 3051 3076 3079 3082 3111 3116 3132 3145 3152 3172 3179 3182 3185 3258 3280 3287 3291 3298 3320 3330 3332 3347 3350 3367 3378 3396 3403 3411 
3233 1684 2662 2711 2724 2730 2739 2951 3002 3019 3077 3100 3118 3162 3168 3295 3366 3379 3412 
3100 1684 2719 2724 2730 2778 2951 2958 3002 3019 3111 3118 3145 3162 3168 3179 3182 3233 3295 3320 3350 3366 
3347 1684 2661 2719 2742 2778 2793 2796 2828 2833 2849 2869 2936 2973 2991 3005 3051 3060 3076 3082 3116 3132 3145 3152 3170 3172 3185 3280 3291 3320 3330 3332 3350 3366 3378 3396 3403 3434 
3185 1684 2661 2672 2719 2733 2742 2778 2796 2828 2833 2840 2849 2875 2894 2976 2991 3005 3017 3039 3051 3060 3076 3082 3111 3115 3116 3132 3145 3152 3170 3172 3179 3182 3225 3261 3274 3280 3287 3320 3347 3350 3377 3378 3396 3403 3411 3422 3434 
2742 1684 2661 2719 2778 2793 2796 2828 2849 2869 2875 2894 2937 2973 2991 3017 3021 3051 3060 3076 3079 3082 3089 3115 3116 3132 3152 3160 3172 3179 3182 3185 3258 3280 3291 3298 3320 3330 3332 3347 3350 3355 3378 3396 3411 
3182 1684 2661 2672 2684 2701 2708 2719 2733 2742 2778 2797 2823 2833 2875 2894 2937 2938 2958 2976 3011 3017 3021 3051 3060 3076 3079 3082 3100 3115 3116 3145 3152 3172 3179 3185 3225 3258 3261 3262 3274 3280 3291 3298 3320 3332 3350 3353 3378 3386 3396 3411 3434 
2724 1684 2662 2711 2730 2739 2845 2951 3002 3011 3019 3051 3077 3100 3118 3162 3168 3233 3263 3295 3332 3366 3379 3412 
2875 1684 2661 2672 2684 2701 2708 2719 2742 2778 2793 2823 2828 2833 2849 2894 2937 2958 2976 3005 3060 3076 3079 3111 3115 3116 3170 3172 3179 3182 3185 3258 3261 3280 3287 3320 3332 3350 3386 3396 3411 
3355 1684 2661 2719 2742 2793 2833 2936 2973 3051 3082 3089 3132 3160 3287 3291 3320 3330 3332 3350 3353 3386 3396 3434 
3350 1684 2661 2672 2684 2701 2708 2718 2719 2733 2742 2778 2793 2796 2797 2823 2828 2833 2849 2869 2875 2894 2937 2958 2991 3011 3019 3051 3060 3076 3079 3082 3100 3111 3115 3116 3132 3145 3152 3160 3170 3172 3179 3182 3185 3258 3261 3262 3274 3280 3298 3320 3332 3347 3355 3386 3396 3411 
3353 1684 2661 2662 2719 2768 2793 2937 2951 2958 2984 3002 3017 3051 3072 3076 3111 3118 3152 3172 3182 3274 3287 3291 3320 3332 3355 3386 3403 3422 3434 
2973 1684 2661 2719 2742 2768 2793 2828 2833 2840 2849 2894 2936 2937 2976 3021 3051 3060 3082 3089 3115 3116 3132 3152 3160 3280 3291 3320 3330 3332 3347 3355 3386 3396 3422 3434 
2976 1684 2684 2701 2719 2840 2875 2958 2973 3017 3060 3076 3089 3111 3118 3160 3172 3182 3185 3258 3261 3280 3287 3289 3291 3298 3320 3378 3386 3403 3434 
3051 1684 2662 2684 2708 2719 2724 2742 2778 2793 2796 2823 2828 2833 2845 2869 2936 2937 2951 2973 2991 3002 3017 3019 3060 3082 3116 3132 3145 3152 3160 3162 3168 3170 3172 3182 3185 3261 3274 3280 3287 3291 3298 3320 3330 3332 3347 3350 3353 3355 3378 3386 3396 3434 
3225 1684 2719 2778 2840 2894 3017 3039 3076 3111 3172 3182 3185 3261 3274 3281 3287 3320 3386 3396 3403 3422 
3422 1684 2719 2778 2796 2937 2973 3017 3039 3076 3111 3115 3116 3145 3172 3185 3225 3261 3274 3280 3287 3291 3320 3330 3353 3377 3396 3403 3434 
3115 1684 2661 2708 2718 2719 2742 2778 2793 2828 2833 2849 2875 2894 2937 2973 3021 3076 3082 3116 3132 3152 3179 3182 3185 3280 3291 3350 3378 3396 3411 3422 3434 
3111 1684 2719 2778 2796 2840 2875 2894 2958 2976 3005 3017 3039 3060 3076 3100 3118 3145 3172 3185 3225 3261 3274 3280 3287 3298 3320 3350 3353 3377 3378 3396 3403 3422 3434 
1684 2661 2662 2672 2684 2701 2708 2711 2718 2719 2724 2730 2733 2739 2742 2768 2778 2793 2796 2797 2823 2828 2833 2840 2845 2849 2869 2875 2894 2936 2937 2938 2951 2958 2973 2976 2984 2991 3002 3005 3011 3017 3019 3021 3034 3039 3051 3057 3060 3072 3076 3077 3079 3082 3089 3100 3111 3115 3116 3118 3132 3145 3152 3160 3162 3168 3170 3172 3179 3182 3185 3225 3233 3258 3261 3262 3263 3274 3280 3281 3287 3289 3291 3295 3298 3320 3330 3332 3347 3350 3353 3355 3366 3367 3377 3378 3379 3386 3396 3403 3411 3412 3422 3434 
