3119 1684 2679 2683 2698 2729 2738 2743 2750 2755 2766 2773 2786 2794 2800 2821 2835 2839 2862 2864 2873 2874 2887 2890 2897 2905 2906 2910 2913 2927 2928 2929 2931 2946 2953 2956 2960 2966 2977 2981 2988 2993 2994 3000 3025 3026 3029 3033 3044 3054 3073 3084 3090 3098 3104 3114 3123 3135 3158 3166 3174 3232 3238 3257 3293 3324 3362 3387 3417 3435 
2743 1684 2680 2681 2683 2689 2706 2729 2738 2741 2754 2756 2777 2782 2794 2810 2839 2867 2874 2880 2887 2896 2907 2924 2931 2943 2945 2974 2986 2988 2994 3000 3023 3029 3036 3054 3056 3073 3085 3114 3119 3135 3158 3220 3243 3293 3301 3363 3400 3417 3433 3435 
2738 1684 2679 2681 2683 2729 2741 2743 2754 2756 2773 2786 2835 2839 2862 2864 2873 2874 2887 2890 2896 2924 2928 2929 2931 2945 2953 2956 2960 2974 2977 2988 2994 3000 3025 3026 3029 3036 3084 3090 3098 3104 3114 3119 3123 3220 3232 3238 3243 3257 3293 3362 3363 3400 3417 3433 
2966 1684 2679 2680 2683 2689 2698 2706 2750 2754 2755 2777 2782 2786 2794 2800 2821 2839 2862 2864 2873 2874 2880 2897 2905 2906 2910 2913 2927 2928 2943 2956 2960 2986 2993 2994 3000 3026 3033 3054 3056 3084 3085 3090 3098 3104 3119 3158 3166 3174 3232 3238 3257 3301 3362 3363 3387 3417 3435 
2960 1684 2679 2680 2698 2706 2738 2750 2754 2755 2777 2782 2786 2800 2810 2835 2839 2862 2864 2867 2880 2897 2906 2910 2924 2927 2928 2931 2943 2945 2956 2966 2974 2986 2988 3000 3033 3056 3073 3104 3119 3158 3174 3232 3324 3363 3387 3417 3433 
3417 1684 2679 2683 2689 2698 2706 2729 2738 2741 2743 2754 2755 2756 2773 2777 2786 2794 2800 2810 2835 2839 2862 2864 2867 2873 2874 2880 2890 2906 2907 2910 2913 2927 2928 2929 2943 2945 2953 2956 2960 2966 2974 2986 2988 2993 2994 3000 3026 3029 3073 3084 3090 3104 3119 3135 3158 3220 3232 3243 3324 3362 3363 3387 3433 3435 
3324 1684 2679 2681 2683 2689 2698 2706 2750 2754 2755 2782 2786 2800 2835 2839 2862 2864 2867 2890 2896 2905 2906 2913 2927 2929 2931 2956 2960 2994 3023 3026 3054 3084 3090 3104 3119 3220 3232 3362 3363 3417 
3044 1684 2800 2927 3119 3232 
3123 1684 2683 2729 2738 2782 2810 2873 2890 2956 2981 2988 2993 3000 3025 3026 3036 3084 3090 3104 3114 3119 3135 3158 3166 3257 3400 
3257 1684 2679 2681 2683 2729 2738 2741 2754 2756 2786 2873 2928 2931 2945 2966 2977 2993 3000 3025 3026 3029 3084 3090 3119 3123 3232 3238 3293 3362 3387 3433 3435 
2910 1684 2679 2689 2698 2706 2741 2750 2754 2755 2777 2782 2786 2800 2810 2839 2862 2864 2867 2880 2890 2897 2905 2906 2913 2927 2928 2943 2945 2956 2960 2966 2974 2986 2988 3000 3033 3054 3056 3073 3090 3114 3119 3174 3220 3232 3363 3417 3433 
2913 1684 2698 2750 2755 2773 2782 2786 2800 2839 2862 2867 2873 2890 2905 2906 2910 2927 2946 2953 2956 2966 2986 2993 3026 3033 3054 3090 3098 3104 3119 3174 3232 3324 3363 3387 3417 
2706 1684 2680 2689 2743 2750 2754 2777 2782 2786 2800 2810 2839 2864 2867 2880 2896 2905 2910 2927 2928 2931 2943 2945 2946 2960 2966 2974 2986 3000 3023 3056 3220 3293 3324 3362 3363 3417 
3135 1684 2679 2689 2729 2743 2756 2794 2800 2810 2821 2839 2864 2874 2887 2907 2943 2945 2988 2993 2994 3000 3025 3056 3073 3119 3123 3158 3166 3220 3293 3363 3417 3433 
3400 1684 2683 2698 2729 2738 2743 2754 2800 2874 2887 2927 2928 2956 2981 2986 2988 2994 3000 3025 3026 3036 3084 3114 3123 3166 3232 
3243 1684 2679 2738 2741 2743 2754 2786 2835 2867 2874 2890 2928 2943 2945 2956 2977 3054 3084 3104 3293 3363 3417 3433 3435 
3036 1684 2683 2729 2738 2743 2754 2782 2887 2927 2981 2986 2988 3025 3026 3073 3084 3090 3104 3114 3123 3166 3363 3387 3400 
2993 1684 2679 2683 2729 2741 2755 2756 2773 2786 2862 2873 2890 2905 2913 2928 2929 2956 2966 2977 2994 3026 3029 3033 3084 3090 3104 3119 3123 3135 3158 3166 3232 3238 3257 3362 3387 3417 3435 
2994 1684 2679 2681 2683 2729 2738 2741 2743 2755 2756 2773 2786 2810 2835 2862 2873 2874 2887 2890 2905 2906 2929 2931 2956 2966 2974 2988 2993 3029 3033 3073 3084 3090 3104 3114 3119 3135 3166 3174 3293 3324 3362 3387 3400 3417 3433 
3033 1684 2680 2698 2750 2754 2755 2782 2786 2800 2835 2839 2873 2890 2897 2905 2906 2910 2913 2927 2928 2946 2960 2966 2986 2993 2994 3026 3054 3056 3085 3098 3119 3174 3232 3238 3363 3387 3435 
2794 1684 2683 2729 2743 2766 2810 2821 2874 2887 2907 2966 2988 3000 3073 3119 3135 3158 3417 3433 
2907 1684 2679 2689 2729 2743 2766 2794 2810 2839 2867 2874 2887 2928 2929 2943 2945 2974 2988 3000 3025 3056 3073 3135 3158 3220 3293 3363 3417 3433 
2906 1684 2679 2683 2698 2750 2754 2755 2777 2782 2786 2800 2835 2839 2862 2864 2867 2880 2887 2890 2897 2905 2910 2913 2927 2928 2929 2946 2956 2960 2966 2974 2977 2986 2994 3000 3025 3026 3029 3033 3054 3056 3098 3104 3119 3174 3220 3293 3301 3324 3362 3363 3387 3417 
2905 1684 2679 2680 2698 2706 2750 2755 2773 2782 2839 2873 2880 2890 2906 2910 2913 2927 2946 2956 2966 2986 2988 2993 2994 3026 3033 3084 3090 3098 3104 3119 3232 3301 3324 3362 3363 3387 
2773 1684 2679 2681 2683 2729 2738 2756 2782 2786 2810 2862 2873 2890 2905 2913 2929 2931 2945 2953 2956 2977 2988 2993 2994 3026 3029 3084 3090 3104 3119 3158 3166 3174 3238 3293 3362 3417 3433 3435 
2777 1684 2679 2689 2706 2741 2743 2754 2755 2782 2786 2800 2810 2839 2864 2867 2896 2897 2906 2910 2927 2928 2943 2945 2960 2966 2974 2986 2988 3000 3054 3056 3073 3085 3098 3158 3220 3232 3363 3387 3417 3433 
2821 1684 2729 2766 2794 2810 2966 3114 3119 3135 3158 3166 
3301 1684 2681 2683 2689 2743 2755 2782 2867 2873 2896 2905 2906 2943 2966 3026 3056 3098 3232 3363 3387 
3387 1684 2680 2681 2683 2689 2698 2750 2755 2777 2782 2786 2835 2839 2862 2864 2867 2873 2874 2890 2905 2906 2913 2927 2928 2946 2956 2960 2966 2974 2993 2994 3000 3026 3033 3036 3054 3056 3084 3090 3098 3119 3174 3232 3238 3257 3301 3362 3363 3417 3435 
2786 1684 2679 2681 2683 2698 2706 2729 2738 2741 2750 2754 2756 2766 2773 2777 2782 2800 2810 2835 2839 2862 2864 2873 2874 2890 2896 2906 2910 2913 2924 2927 2928 2929 2931 2943 2946 2953 2956 2960 2966 2977 2981 2986 2988 2993 2994 3000 3025 3026 3029 3033 3054 3073 3084 3090 3104 3114 3119 3158 3166 3174 3220 3238 3243 3257 3293 3324 3362 3363 3387 3417 3433 3435 
3029 1684 2679 2680 2681 2683 2738 2743 2754 2756 2773 2786 2839 2862 2873 2887 2890 2906 2927 2928 2929 2931 2943 2945 2956 2977 2986 2993 2994 3000 3025 3073 3084 3085 3090 3104 3119 3174 3220 3238 3257 3362 3363 3417 3433 3435 
2782 1684 2681 2689 2698 2706 2743 2750 2754 2755 2773 2777 2786 2800 2835 2839 2862 2864 2896 2905 2906 2910 2913 2924 2927 2943 2956 2960 2966 2986 2988 3025 3026 3033 3036 3054 3084 3085 3090 3104 3123 3174 3232 3301 3324 3363 3387 
3026 1684 2679 2683 2698 2729 2738 2741 2750 2754 2755 2756 2773 2782 2786 2800 2839 2862 2867 2873 2890 2905 2906 2913 2927 2928 2929 2931 2945 2953 2956 2966 2988 2993 3000 3025 3033 3036 3084 3090 3098 3104 3114 3119 3123 3158 3166 3232 3238 3257 3293 3301 3324 3362 3363 3387 3400 3417 3435 
3025 1684 2679 2683 2729 2738 2754 2756 2766 2782 2786 2810 2839 2862 2874 2887 2890 2906 2907 2924 2981 2988 3000 3026 3029 3036 3073 3084 3090 3104 3114 3119 3123 3135 3158 3166 3238 3257 3362 3363 3400 3435 
3023 1684 2706 2743 2750 2754 2800 2810 2839 2867 2880 2943 2945 2974 3000 3056 3232 3324 3363 
2986 1684 2679 2680 2689 2698 2706 2741 2743 2750 2754 2755 2777 2782 2786 2800 2810 2835 2839 2862 2864 2867 2880 2897 2905 2906 2910 2913 2924 2927 2928 2931 2943 2946 2956 2960 2966 2974 2988 3000 3029 3033 3036 3054 3056 3073 3085 3098 3114 3166 3174 3220 3232 3238 3363 3400 3417 3433 
2766 1684 2729 2741 2786 2794 2810 2821 2907 2924 2929 3025 3119 
2931 1684 2679 2681 2683 2706 2738 2741 2743 2756 2773 2786 2867 2873 2890 2896 2924 2929 2960 2977 2986 2994 3026 3029 3054 3056 3073 3085 3090 3098 3119 3238 3257 3324 3362 3433 3435 
2839 1684 2679 2680 2681 2683 2689 2698 2706 2738 2741 2743 2750 2754 2755 2756 2777 2782 2786 2800 2810 2835 2862 2864 2867 2880 2890 2896 2905 2906 2907 2910 2913 2924 2927 2928 2943 2945 2946 2956 2960 2966 2974 2981 2986 3000 3023 3025 3026 3029 3033 3054 3056 3073 3085 3098 3104 3119 3135 3158 3174 3220 3232 3238 3293 3324 3362 3363 3387 3417 3433 
2835 1684 2679 2680 2681 2689 2738 2754 2782 2786 2839 2862 2864 2874 2880 2906 2924 2943 2946 2956 2960 2986 2994 3000 3033 3104 3119 3174 3243 3324 3363 3387 3417 
3158 1684 2679 2683 2689 2729 2743 2755 2773 2777 2786 2794 2810 2821 2839 2867 2873 2874 2887 2890 2907 2945 2960 2966 2974 2981 2988 2993 3000 3025 3026 3073 3084 3090 3119 3123 3135 3166 3220 3232 3238 3293 3363 3417 3433 
3090 1684 2679 2681 2683 2698 2729 2738 2750 2754 2755 2756 2773 2782 2786 2800 2810 2862 2873 2887 2890 2905 2910 2913 2924 2927 2928 2929 2931 2945 2953 2956 2966 2988 2993 2994 3000 3025 3026 3029 3036 3084 3104 3114 3119 3123 3158 3220 3232 3238 3257 3293 3324 3362 3363 3387 3417 3433 3435 
2679 1684 2681 2683 2689 2729 2738 2741 2750 2754 2755 2756 2773 2777 2786 2800 2810 2835 2839 2862 2864 2873 2880 2887 2890 2896 2905 2906 2907 2910 2924 2927 2928 2929 2931 2946 2953 2956 2960 2966 2977 2986 2988 2993 2994 3000 3025 3026 3029 3054 3056 3073 3084 3090 3104 3119 3135 3158 3174 3220 3238 3243 3257 3293 3324 3362 3363 3417 3433 3435 
3098 1684 2698 2738 2741 2750 2755 2777 2800 2839 2864 2867 2880 2897 2905 2906 2913 2924 2931 2945 2966 2986 3026 3033 3056 3119 3232 3301 3362 3363 3387 
2929 1684 2679 2681 2729 2738 2741 2755 2756 2766 2773 2786 2862 2873 2890 2906 2907 2924 2928 2931 2945 2956 2993 2994 3000 3026 3029 3084 3090 3104 3119 3174 3220 3232 3324 3362 3417 3433 3435 
2928 1684 2679 2706 2729 2738 2741 2750 2754 2755 2756 2777 2786 2800 2810 2839 2862 2867 2873 2874 2880 2890 2896 2897 2906 2907 2910 2924 2927 2929 2943 2945 2946 2956 2960 2966 2974 2977 2986 2988 2993 3000 3026 3029 3033 3054 3056 3073 3084 3090 3104 3119 3174 3220 3243 3257 3293 3363 3387 3400 3417 3433 3435 
2924 1684 2679 2681 2738 2741 2743 2756 2766 2782 2786 2835 2839 2862 2874 2897 2928 2929 2931 2945 2956 2960 2986 2988 3000 3025 3085 3090 3098 3220 3293 3433 
2927 1684 2679 2680 2683 2689 2698 2706 2741 2750 2754 2755 2777 2782 2786 2800 2810 2839 2862 2867 2880 2890 2905 2906 2910 2913 2928 2943 2945 2946 2956 2960 2966 2974 2981 2986 2988 3000 3026 3029 3033 3036 3044 3054 3056 3073 3085 3090 3119 3220 3232 3238 3324 3363 3387 3400 3417 3433 
3000 1684 2679 2683 2689 2706 2729 2738 2741 2743 2754 2756 2777 2786 2794 2800 2810 2835 2839 2862 2867 2873 2874 2880 2887 2890 2897 2906 2907 2910 2924 2927 2928 2929 2943 2945 2946 2953 2956 2960 2966 2977 2986 2988 3023 3025 3026 3029 3054 3056 3073 3084 3085 3090 3104 3119 3123 3135 3158 3166 3174 3220 3232 3238 3257 3293 3362 3363 3387 3400 3417 3433 3435 
3166 1684 2729 2754 2755 2773 2786 2821 2873 2890 2956 2966 2977 2986 2988 2993 2994 3000 3025 3026 3036 3084 3114 3119 3123 3135 3158 3174 3232 3238 3400 
2800 1684 2679 2680 2681 2689 2698 2706 2750 2754 2755 2777 2782 2786 2810 2839 2862 2864 2867 2880 2890 2897 2906 2910 2913 2927 2928 2943 2945 2956 2960 2966 2974 2986 2988 3000 3023 3026 3033 3044 3056 3073 3085 3090 3098 3119 3135 3174 3220 3232 3324 3363 3400 3417 3433 
3293 1684 2679 2681 2683 2706 2729 2738 2741 2743 2754 2756 2773 2786 2810 2839 2862 2867 2873 2874 2887 2890 2896 2906 2907 2924 2928 2943 2945 2956 2977 2994 3000 3026 3073 3084 3090 3104 3119 3135 3158 3220 3238 3243 3257 3362 3363 3433 3435 
2880 1684 2679 2706 2743 2750 2754 2755 2800 2810 2835 2839 2864 2867 2897 2905 2906 2910 2927 2928 2943 2945 2946 2960 2966 2974 2986 3000 3023 3054 3056 3073 3085 3098 3174 3220 3232 3362 3363 3417 
2887 1684 2679 2683 2729 2738 2743 2756 2794 2810 2862 2874 2897 2906 2907 2956 2988 2994 3000 3025 3029 3036 3073 3084 3090 3114 3119 3135 3158 3220 3293 3362 3363 3400 
3362 1684 2679 2683 2706 2729 2738 2754 2756 2773 2786 2810 2839 2862 2864 2873 2880 2887 2890 2905 2906 2929 2931 2953 2956 2966 2974 2993 2994 3000 3025 3026 3029 3084 3090 3098 3104 3114 3119 3174 3220 3257 3293 3324 3363 3387 3417 3433 3435 
3363 1684 2679 2680 2681 2683 2689 2706 2729 2738 2743 2750 2754 2755 2756 2777 2782 2786 2800 2810 2835 2839 2862 2864 2867 2874 2880 2887 2896 2897 2905 2906 2907 2910 2913 2927 2928 2943 2945 2946 2956 2960 2966 2974 2981 2986 3000 3023 3025 3026 3029 3033 3036 3054 3056 3073 3085 3090 3098 3104 3135 3158 3174 3220 3232 3243 3293 3301 3324 3362 3387 3417 3433 
2689 1684 2679 2680 2681 2683 2706 2729 2743 2750 2754 2777 2782 2800 2810 2835 2839 2867 2896 2907 2910 2927 2943 2945 2966 2974 2986 3000 3056 3073 3085 3135 3158 3220 3232 3301 3324 3363 3387 3417 3433 
3085 1684 2680 2681 2689 2741 2743 2754 2777 2782 2800 2839 2867 2880 2896 2924 2927 2931 2943 2946 2966 2986 3000 3029 3033 3054 3056 3232 3238 3363 
3084 1684 2679 2683 2729 2738 2741 2755 2756 2773 2782 2786 2810 2862 2873 2874 2887 2890 2905 2928 2929 2953 2956 2966 2977 2988 2993 2994 3000 3025 3026 3029 3036 3054 3090 3104 3114 3119 3123 3158 3166 3232 3238 3243 3257 3293 3324 3362 3387 3400 3417 3433 3435 
2680 1684 2689 2706 2743 2750 2755 2800 2835 2839 2905 2927 2943 2960 2966 2974 2986 3029 3033 3054 3056 3085 3174 3232 3363 3387 
2681 1684 2679 2683 2689 2738 2741 2743 2754 2756 2773 2782 2786 2800 2835 2839 2862 2864 2924 2929 2931 2945 2956 2994 3029 3054 3056 3085 3090 3257 3293 3301 3324 3363 3387 3433 
2683 1684 2679 2681 2689 2729 2738 2741 2743 2754 2756 2773 2786 2794 2810 2839 2862 2867 2873 2874 2887 2890 2906 2927 2931 2943 2945 2953 2956 2966 2977 2993 2994 3000 3025 3026 3029 3036 3084 3090 3104 3119 3123 3158 3220 3232 3238 3257 3293 3301 3324 3362 3363 3387 3400 3417 3433 3435 
2810 1684 2679 2683 2689 2706 2729 2743 2750 2754 2766 2773 2777 2786 2794 2800 2821 2839 2867 2873 2874 2880 2887 2907 2910 2927 2928 2943 2945 2960 2974 2986 2988 2994 3000 3023 3025 3056 3073 3084 3090 3123 3135 3158 3220 3293 3362 3363 3417 3433 
3073 1684 2679 2689 2729 2743 2750 2756 2777 2786 2794 2800 2810 2839 2862 2864 2867 2874 2880 2887 2890 2896 2897 2907 2910 2927 2928 2931 2943 2945 2953 2960 2974 2981 2986 2988 2994 3000 3025 3029 3036 3056 3114 3119 3135 3158 3220 3232 3293 3363 3417 3433 
2956 1684 2679 2681 2683 2698 2729 2738 2741 2750 2754 2755 2756 2773 2782 2786 2800 2835 2839 2862 2864 2873 2887 2890 2905 2906 2910 2913 2924 2927 2928 2929 2945 2946 2960 2966 2977 2981 2986 2988 2993 2994 3000 3026 3029 3084 3090 3104 3114 3119 3123 3166 3174 3220 3232 3238 3243 3293 3324 3362 3363 3387 3400 3417 3433 3435 
3174 1684 2679 2680 2741 2754 2755 2773 2782 2786 2800 2835 2839 2862 2864 2867 2873 2880 2897 2906 2910 2913 2928 2929 2946 2956 2960 2966 2974 2986 2994 3000 3029 3033 3054 3119 3166 3232 3362 3363 3387 
2953 1684 2679 2683 2738 2741 2773 2786 2873 2890 2913 2988 3000 3026 3073 3084 3090 3104 3119 3238 3362 3417 3435 
2897 1684 2750 2754 2755 2777 2800 2864 2867 2880 2887 2906 2910 2924 2928 2943 2946 2960 2966 2986 3000 3033 3054 3056 3073 3098 3119 3174 3232 3363 
2896 1684 2679 2689 2706 2738 2741 2743 2754 2777 2782 2786 2839 2864 2928 2931 2943 3054 3056 3073 3085 3293 3301 3324 3363 3435 
2890 1684 2679 2683 2698 2729 2738 2741 2750 2754 2755 2773 2786 2800 2839 2862 2873 2905 2906 2910 2913 2927 2928 2929 2931 2953 2956 2977 2988 2993 2994 3000 3025 3026 3029 3033 3073 3084 3090 3104 3114 3119 3123 3158 3166 3232 3243 3293 3324 3362 3387 3417 3433 3435 
2756 1684 2679 2681 2683 2738 2743 2754 2773 2786 2839 2862 2873 2887 2924 2928 2929 2931 2945 2956 2977 2981 2993 2994 3000 3025 3026 3029 3073 3084 3090 3104 3135 3220 3232 3238 3257 3293 3362 3363 3417 3433 
2754 1684 2679 2681 2683 2689 2698 2706 2738 2741 2743 2750 2755 2756 2777 2782 2786 2800 2810 2835 2839 2862 2864 2867 2874 2880 2890 2896 2897 2906 2910 2927 2928 2943 2945 2956 2960 2966 2974 2986 2988 3000 3023 3025 3026 3029 3033 3036 3054 3056 3085 3090 3104 3166 3174 3220 3232 3243 3257 3293 3324 3362 3363 3400 3417 3433 
2755 1684 2679 2680 2729 2750 2754 2777 2782 2800 2839 2880 2890 2897 2905 2906 2910 2913 2927 2928 2929 2943 2956 2960 2966 2986 2993 2994 3026 3033 3054 3056 3084 3090 3098 3119 3158 3166 3174 3232 3238 3301 3324 3363 3387 3417 3433 3435 
2750 1684 2679 2680 2689 2698 2706 2754 2755 2782 2786 2800 2810 2839 2864 2867 2873 2880 2890 2897 2905 2906 2910 2913 2927 2928 2943 2945 2956 2960 2966 2974 2986 2988 3023 3026 3033 3056 3073 3090 3098 3104 3119 3232 3324 3363 3387 
2698 1684 2729 2750 2754 2782 2786 2800 2839 2867 2873 2890 2905 2906 2910 2913 2927 2946 2956 2960 2966 2974 2986 2988 3026 3033 3090 3098 3104 3119 3232 3324 3387 3400 3417 
2862 1684 2679 2681 2683 2729 2738 2741 2754 2756 2773 2782 2786 2800 2835 2839 2864 2873 2874 2887 2890 2906 2910 2913 2924 2927 2928 2929 2946 2956 2960 2966 2986 2988 2993 2994 3000 3025 3026 3029 3054 3073 3084 3090 3104 3119 3174 3220 3232 3238 3293 3324 3362 3363 3387 3417 3433 3435 
2864 1684 2679 2681 2706 2738 2750 2754 2777 2782 2786 2800 2835 2839 2862 2867 2880 2896 2897 2906 2910 2943 2946 2956 2960 2966 2986 3054 3073 3098 3104 3119 3135 3174 3232 3324 3362 3363 3387 3417 3433 
2867 1684 2683 2689 2698 2706 2741 2743 2750 2754 2777 2800 2810 2839 2864 2880 2897 2906 2907 2910 2913 2927 2928 2931 2943 2945 2946 2960 2974 2986 3000 3023 3026 3054 3056 3073 3085 3098 3158 3174 3232 3243 3293 3301 3324 3363 3387 3417 3433 
2946 1684 2679 2698 2706 2786 2835 2839 2862 2864 2867 2880 2897 2905 2906 2913 2927 2928 2956 2986 3000 3033 3054 3085 3104 3119 3174 3363 3387 
2945 1684 2681 2683 2689 2706 2738 2741 2743 2750 2754 2756 2773 2777 2800 2810 2839 2867 2874 2880 2907 2910 2924 2927 2928 2929 2943 2956 2960 2974 2977 3000 3023 3026 3029 3056 3073 3090 3098 3135 3158 3220 3243 3257 3293 3363 3417 3433 3435 
2943 1684 2680 2683 2689 2706 2743 2750 2754 2755 2777 2782 2786 2800 2810 2835 2839 2864 2867 2880 2896 2897 2907 2910 2927 2928 2945 2960 2966 2974 2986 3000 3023 3029 3054 3056 3073 3085 3135 3220 3232 3243 3293 3301 3363 3417 3433 
3232 1684 2680 2683 2689 2698 2738 2750 2754 2755 2756 2777 2782 2800 2839 2862 2864 2867 2873 2874 2880 2890 2897 2905 2910 2913 2927 2929 2943 2956 2960 2966 2981 2986 2988 2993 3000 3023 3026 3033 3044 3054 3056 3073 3084 3085 3090 3098 3104 3119 3158 3166 3174 3220 3257 3301 3324 3363 3387 3400 3417 
3104 1684 2679 2683 2698 2729 2738 2750 2754 2756 2773 2782 2786 2835 2839 2862 2864 2873 2874 2890 2905 2906 2913 2928 2929 2946 2953 2956 2960 2966 2977 2988 2993 2994 3000 3025 3026 3029 3036 3084 3090 3114 3119 3123 3232 3243 3293 3324 3362 3363 3417 3435 
3238 1684 2679 2683 2738 2741 2755 2756 2773 2786 2839 2862 2873 2874 2927 2931 2953 2956 2966 2977 2986 2993 3000 3025 3026 3029 3033 3084 3085 3090 3119 3158 3166 3257 3293 3387 3433 3435 
3433 1684 2679 2681 2683 2689 2729 2738 2741 2743 2754 2755 2756 2773 2777 2786 2794 2800 2810 2839 2862 2864 2867 2873 2874 2890 2907 2910 2924 2927 2928 2929 2931 2943 2945 2956 2960 2974 2986 2988 2994 3000 3029 3054 3056 3073 3084 3090 3135 3158 3220 3238 3243 3257 3293 3362 3363 3417 
3435 1684 2679 2683 2729 2743 2755 2773 2786 2862 2873 2874 2890 2896 2928 2929 2931 2945 2953 2956 2966 2977 2993 3000 3025 3026 3029 3033 3084 3090 3104 3114 3119 3238 3243 3257 3293 3362 3387 3417 
2741 1684 2679 2681 2683 2738 2743 2754 2766 2777 2786 2839 2862 2867 2873 2874 2890 2896 2910 2924 2927 2928 2929 2931 2945 2953 2956 2977 2986 2988 2993 2994 3000 3026 3054 3056 3084 3085 3098 3174 3220 3238 3243 3257 3293 3417 3433 
2873 1684 2679 2683 2698 2729 2738 2741 2750 2756 2773 2786 2810 2862 2874 2890 2905 2913 2928 2929 2931 2953 2956 2966 2977 2988 2993 2994 3000 3026 3029 3033 3054 3084 3090 3104 3114 3119 3123 3158 3166 3174 3232 3238 3257 3293 3301 3362 3387 3417 3433 3435 
2874 1684 2683 2729 2738 2741 2743 2754 2786 2794 2810 2835 2862 2873 2887 2907 2924 2928 2945 2966 2977 2988 2994 3000 3025 3073 3084 3104 3119 3135 3158 3232 3238 3243 3293 3363 3387 3400 3417 3433 3435 
2729 1684 2679 2683 2689 2698 2738 2743 2755 2766 2773 2786 2794 2810 2821 2862 2873 2874 2887 2890 2907 2928 2929 2956 2977 2981 2988 2993 2994 3000 3025 3026 3036 3073 3084 3090 3104 3114 3119 3123 3135 3158 3166 3257 3293 3362 3363 3400 3417 3433 3435 
2988 1684 2679 2698 2729 2738 2741 2743 2750 2754 2773 2777 2782 2786 2794 2800 2810 2862 2873 2874 2887 2890 2905 2907 2910 2924 2927 2928 2953 2956 2960 2986 2994 3000 3025 3026 3036 3073 3084 3090 3104 3119 3123 3135 3158 3166 3232 3400 3417 3433 
3056 1684 2679 2680 2681 2689 2706 2741 2743 2750 2754 2755 2777 2800 2810 2839 2867 2880 2896 2897 2906 2907 2910 2927 2928 2931 2943 2945 2960 2966 2974 2986 3000 3023 3033 3054 3073 3085 3098 3135 3220 3232 3301 3363 3387 3433 
3054 1684 2679 2680 2681 2741 2743 2754 2755 2777 2782 2786 2839 2862 2864 2867 2873 2880 2896 2897 2906 2910 2913 2927 2928 2931 2943 2946 2966 2974 2986 3000 3033 3056 3084 3085 3114 3119 3174 3232 3243 3324 3363 3387 3433 
2977 1684 2679 2683 2729 2738 2741 2756 2773 2786 2873 2874 2890 2906 2928 2931 2945 2956 2993 3000 3029 3084 3104 3119 3166 3238 3243 3257 3293 3435 
2974 1684 2680 2689 2698 2706 2738 2743 2750 2754 2777 2800 2810 2839 2867 2880 2906 2907 2910 2927 2928 2943 2945 2960 2986 2994 3023 3054 3056 3073 3158 3174 3220 3362 3363 3387 3417 3433 
3114 1684 2729 2738 2743 2786 2821 2873 2887 2890 2910 2956 2981 2986 2994 3025 3026 3036 3054 3073 3084 3090 3104 3119 3123 3166 3362 3400 3435 
3220 1684 2679 2683 2689 2706 2738 2741 2743 2754 2756 2777 2786 2800 2810 2839 2862 2880 2887 2906 2907 2910 2924 2927 2928 2929 2943 2945 2956 2974 2986 3000 3029 3056 3073 3090 3135 3158 3232 3293 3324 3362 3363 3417 3433 
1684 2679 2680 2681 2683 2689 2698 2706 2729 2738 2741 2743 2750 2754 2755 2756 2766 2773 2777 2782 2786 2794 2800 2810 2821 2835 2839 2862 2864 2867 2873 2874 2880 2887 2890 2896 2897 2905 2906 2907 2910 2913 2924 2927 2928 2929 2931 2943 2945 2946 2953 2956 2960 2966 2974 2977 2981 2986 2988 2993 2994 3000 3023 3025 3026 3029 3033 3036 3044 3054 3056 3073 3084 3085 3090 3098 3104 3114 3119 3123 3135 3158 3166 3174 3220 3232 3238 3243 3257 3293 3301 3324 3362 3363 3387 3400 3417 3433 3435 
2981 1684 2729 2756 2786 2839 2927 2956 3025 3036 3073 3114 3119 3123 3158 3232 3363 3400 
