1170 107 896 924 957 969 1007 1010 1032 1035 1037 1070 1139 1159 1213 1228 1273 1275 1282 1296 1303 1406 1412 1495 1500 1549 1691 1742 1745 1781 1783 1786 1820 1857 1871 1893 1894 
1070 107 389 563 606 641 917 924 944 965 1007 1010 1011 1035 1037 1041 1051 1052 1109 1110 1152 1159 1170 1183 1188 1213 1225 1228 1236 1258 1259 1260 1275 1296 1303 1306 1310 1338 1348 1355 1366 1412 1427 1429 1446 1448 1469 1472 1473 1482 1496 1500 1504 1507 1525 1529 1531 1536 1549 1624 1630 1633 1634 1672 1686 1699 1703 1709 1738 1745 1760 1770 1781 1815 1828 1869 1876 1897 1904 
1035 107 924 1010 1037 1070 1109 1152 1159 1170 1228 1296 1412 1472 1496 1500 1525 1529 1531 1549 1745 1770 
1306 107 944 1041 1051 1070 1159 1258 1338 1348 1366 1472 1504 1507 1525 1624 1703 1738 
1303 107 896 917 969 1007 1032 1070 1170 1282 1427 1429 1495 1742 1783 1786 1820 1828 1871 1893 1894 
1781 107 924 1010 1070 1159 1170 1258 1275 1412 1472 1525 1529 1531 1630 1783 1869 
1783 107 896 917 969 1032 1051 1152 1159 1170 1183 1213 1259 1273 1275 1282 1303 1338 1366 1469 1472 1495 1504 1507 1525 1529 1624 1672 1742 1781 1786 1820 1828 1871 1893 1894 
1786 107 896 917 969 1032 1170 1273 1282 1303 1406 1429 1448 1473 1495 1742 1783 1820 1828 1857 1871 1893 1894 
1770 107 389 917 944 1010 1011 1035 1037 1041 1052 1070 1109 1236 1259 1275 1296 1348 1469 1472 1482 1496 1504 1507 1525 1529 1536 1624 1630 1699 1709 1745 1876 1904 
1446 107 641 1070 1427 1549 
1549 107 641 924 1010 1035 1037 1070 1109 1170 1228 1338 1412 1427 1446 1525 1624 1703 
1469 107 389 917 924 944 1011 1037 1041 1070 1109 1139 1213 1236 1259 1260 1275 1338 1348 1472 1482 1496 1504 1507 1536 1624 1633 1634 1672 1703 1709 1770 1783 1815 1869 1876 1904 
1672 107 1070 1139 1213 1259 1275 1469 1472 1504 1507 1624 1709 1783 1828 1869 
1260 107 917 924 944 1011 1051 1052 1070 1139 1159 1188 1225 1236 1258 1259 1275 1338 1355 1366 1469 1472 1504 1525 1630 1633 1634 1686 1703 1709 1815 1876 
1159 107 917 924 944 1010 1035 1037 1051 1052 1070 1152 1170 1183 1188 1225 1228 1258 1260 1275 1306 1310 1338 1355 1366 1412 1472 1473 1496 1500 1504 1507 1525 1536 1630 1634 1686 1699 1703 1738 1781 1783 1828 1876 
1310 107 924 1051 1052 1070 1159 1188 1236 1275 1338 1355 1366 1472 1504 1536 1630 1633 1634 1686 1703 1876 
1152 107 1035 1051 1070 1159 1258 1275 1366 1473 1525 1630 1703 1783 
1495 107 896 1032 1170 1282 1303 1406 1783 1786 1820 1871 1893 1894 
1496 107 389 924 1010 1035 1041 1051 1052 1070 1109 1159 1213 1259 1275 1296 1338 1348 1355 1366 1469 1472 1482 1504 1507 1525 1529 1536 1624 1630 1703 1709 1745 1770 1904 
1703 107 917 924 944 965 1010 1011 1037 1041 1051 1070 1139 1152 1159 1183 1188 1225 1228 1236 1258 1260 1275 1306 1310 1338 1355 1366 1469 1472 1473 1482 1496 1504 1525 1536 1549 1630 1634 1686 1699 1709 1876 
1828 107 917 1010 1032 1070 1159 1275 1282 1303 1338 1429 1529 1672 1742 1783 1786 1820 1871 1893 1894 
1709 107 917 924 944 1010 1011 1041 1051 1070 1109 1139 1236 1258 1259 1260 1275 1338 1348 1355 1366 1469 1472 1473 1482 1496 1504 1525 1529 1536 1624 1630 1672 1703 1770 1815 1876 1904 
1820 107 917 969 1032 1170 1273 1282 1303 1406 1495 1742 1783 1786 1828 1871 1893 1894 
1011 107 944 1037 1041 1052 1070 1109 1258 1259 1260 1338 1348 1469 1472 1482 1504 1624 1703 1709 1770 1815 1904 
1412 107 917 924 1010 1035 1037 1070 1159 1170 1228 1273 1429 1500 1549 1633 1686 1745 1781 
1699 107 389 606 917 1051 1052 1070 1159 1183 1338 1355 1366 1472 1473 1504 1525 1529 1536 1633 1634 1686 1703 1770 1876 
924 107 1010 1035 1037 1051 1070 1109 1159 1170 1188 1228 1236 1258 1260 1275 1310 1338 1355 1366 1412 1469 1472 1482 1496 1500 1525 1536 1549 1703 1709 1745 1781 1876 
1139 107 1041 1109 1170 1236 1259 1260 1275 1338 1469 1472 1482 1504 1624 1672 1703 1709 1815 1869 1876 1904 
1183 107 606 917 1051 1070 1159 1338 1366 1472 1525 1529 1536 1630 1686 1699 1703 1783 1876 
1482 107 924 1011 1037 1041 1052 1070 1109 1139 1188 1236 1259 1275 1338 1348 1366 1469 1472 1496 1504 1525 1529 1536 1624 1630 1634 1703 1709 1770 1869 1876 1904 
1857 107 896 957 1170 1448 1691 1786 1893 
1525 107 917 924 944 1010 1035 1037 1051 1052 1070 1152 1159 1183 1258 1260 1275 1296 1306 1338 1355 1366 1427 1472 1473 1482 1496 1500 1504 1529 1536 1549 1630 1634 1686 1699 1703 1709 1745 1770 1781 1783 1876 1897 
917 107 606 944 957 965 969 1007 1032 1037 1051 1052 1070 1159 1183 1225 1260 1273 1275 1282 1296 1303 1338 1366 1406 1412 1429 1469 1472 1504 1507 1525 1531 1536 1630 1686 1699 1703 1709 1738 1742 1770 1783 1786 1820 1828 1871 1876 1893 1894 
1010 107 389 924 1035 1037 1051 1070 1159 1170 1228 1275 1366 1412 1472 1496 1500 1525 1529 1549 1633 1703 1709 1770 1781 1828 
1529 107 1010 1035 1037 1052 1070 1183 1236 1296 1348 1472 1482 1496 1525 1630 1699 1709 1745 1770 1781 1783 1828 
1258 107 924 944 1011 1051 1070 1152 1159 1236 1260 1275 1306 1338 1355 1366 1473 1525 1536 1630 1634 1703 1709 1738 1781 1815 
1259 107 389 1011 1037 1041 1052 1070 1109 1139 1188 1213 1260 1275 1338 1348 1469 1472 1482 1496 1504 1507 1536 1624 1630 1672 1709 1745 1770 1783 1815 1904 
1236 107 924 1051 1070 1139 1188 1228 1258 1260 1275 1310 1338 1355 1366 1469 1472 1482 1504 1529 1536 1633 1634 1703 1709 1770 1815 1869 
1338 107 563 917 924 944 1011 1037 1041 1051 1052 1070 1109 1139 1159 1183 1188 1225 1236 1258 1259 1260 1275 1296 1306 1310 1355 1366 1469 1472 1473 1482 1496 1504 1525 1536 1549 1624 1630 1686 1699 1703 1709 1745 1783 1815 1828 1869 1876 
389 107 1010 1037 1041 1070 1109 1259 1275 1296 1348 1469 1472 1473 1496 1507 1630 1699 1745 1770 
107 389 563 606 641 896 917 924 944 957 965 969 1007 1010 1011 1032 1035 1037 1041 1051 1052 1070 1109 1110 1139 1152 1159 1170 1183 1188 1213 1225 1228 1236 1258 1259 1260 1273 1275 1282 1296 1303 1306 1310 1338 1348 1355 1366 1406 1412 1427 1429 1446 1448 1469 1472 1473 1482 1495 1496 1500 1504 1507 1525 1529 1531 1536 1549 1624 1630 1633 1634 1672 1686 1691 1699 1703 1709 1738 1742 1745 1760 1770 1781 1783 1786 1815 1820 1828 1857 1869 1871 1876 1893 1894 1897 1904 
641 107 606 1070 1273 1446 1448 1549 
1406 107 917 969 1032 1170 1282 1495 1742 1786 1820 1871 1893 1894 
1531 107 917 1007 1035 1070 1738 1781 1876 
1007 107 896 917 1070 1170 1303 1429 1531 
1348 107 389 1011 1041 1052 1070 1109 1259 1275 1306 1469 1472 1482 1496 1507 1529 1624 1630 1709 1770 1815 1904 
1225 107 917 965 1051 1052 1070 1159 1260 1275 1338 1355 1366 1472 1500 1504 1536 1630 1633 1634 1686 1703 1876 
1228 107 924 1010 1035 1051 1070 1159 1170 1188 1236 1355 1412 1500 1549 1703 
1876 107 606 917 924 944 1037 1041 1051 1052 1070 1139 1159 1183 1188 1225 1260 1275 1310 1338 1355 1366 1469 1472 1482 1504 1507 1525 1531 1536 1630 1633 1634 1686 1699 1703 1709 1738 1770 
1871 107 896 917 969 1032 1170 1273 1282 1303 1406 1495 1742 1783 1786 1820 1828 1893 1894 
1904 107 1011 1037 1041 1070 1109 1139 1259 1275 1348 1469 1472 1482 1496 1504 1624 1709 1770 1869 
1630 107 389 917 944 1037 1041 1051 1052 1070 1109 1152 1159 1183 1188 1225 1258 1259 1260 1275 1282 1296 1310 1338 1348 1366 1472 1473 1482 1496 1500 1504 1507 1525 1529 1536 1686 1703 1709 1738 1770 1781 1876 
1738 107 606 917 944 1051 1052 1070 1159 1258 1306 1366 1472 1473 1531 1536 1630 1876 
1633 107 1010 1070 1225 1236 1260 1275 1310 1355 1366 1412 1469 1472 1500 1504 1536 1634 1686 1699 1876 
1634 107 944 965 1052 1070 1159 1188 1225 1236 1258 1260 1310 1355 1366 1469 1472 1482 1500 1504 1525 1536 1633 1686 1699 1703 1876 
1366 107 917 924 944 1010 1051 1052 1070 1152 1159 1183 1188 1225 1236 1258 1260 1275 1306 1310 1338 1355 1427 1472 1473 1482 1496 1504 1525 1536 1630 1633 1634 1699 1703 1709 1738 1783 1876 
1427 107 1032 1070 1303 1366 1429 1446 1473 1525 1549 1893 
1429 107 917 1007 1032 1070 1273 1303 1412 1427 1786 1828 
1500 107 924 965 1010 1035 1051 1070 1159 1170 1188 1225 1228 1275 1355 1412 1472 1504 1525 1536 1630 1633 1634 1686 
1507 107 389 917 1041 1052 1070 1109 1159 1213 1259 1306 1348 1469 1472 1496 1504 1624 1630 1672 1770 1783 1876 
1504 107 917 944 1011 1037 1041 1052 1070 1139 1159 1188 1225 1236 1259 1260 1275 1296 1306 1310 1338 1355 1366 1469 1472 1482 1496 1500 1507 1525 1536 1624 1630 1633 1634 1672 1699 1703 1709 1770 1783 1815 1876 1904 
1032 107 896 917 969 1170 1273 1282 1303 1406 1427 1429 1473 1495 1742 1783 1786 1820 1828 1871 1893 1894 
1037 107 389 917 924 1010 1011 1035 1052 1070 1109 1159 1170 1259 1275 1296 1338 1412 1469 1472 1482 1504 1525 1529 1536 1549 1630 1703 1770 1876 1904 
1213 107 1041 1070 1170 1259 1469 1496 1507 1624 1672 1783 1869 
563 107 1070 1338 1745 
1355 107 924 1051 1052 1070 1159 1188 1225 1228 1236 1258 1260 1275 1310 1338 1366 1472 1473 1496 1500 1504 1525 1536 1633 1634 1686 1699 1703 1709 1876 
1869 107 1041 1070 1139 1213 1236 1275 1338 1469 1472 1482 1672 1781 1815 1904 
965 107 917 944 1052 1070 1188 1225 1275 1500 1536 1634 1686 1703 
1188 107 924 965 1051 1052 1070 1109 1159 1228 1236 1259 1260 1275 1310 1338 1355 1366 1472 1482 1500 1504 1536 1630 1634 1703 1876 
1624 107 1011 1041 1070 1109 1139 1213 1259 1275 1306 1338 1348 1469 1472 1482 1496 1504 1507 1549 1672 1709 1770 1783 1904 
969 107 917 1032 1170 1282 1303 1406 1742 1783 1786 1820 1871 1894 
1745 107 389 563 924 1035 1070 1170 1259 1296 1338 1412 1496 1525 1529 1770 
1742 107 896 917 969 1032 1170 1273 1282 1303 1406 1783 1786 1820 1828 1871 1893 1894 
1109 107 389 924 1011 1035 1037 1041 1052 1070 1139 1188 1259 1275 1296 1338 1348 1469 1472 1482 1496 1507 1549 1624 1630 1709 1770 1904 
606 107 641 917 1052 1070 1110 1183 1536 1699 1738 1876 1897 
1894 107 917 969 1032 1170 1282 1303 1406 1495 1742 1783 1786 1820 1828 1871 1893 
1897 107 606 1052 1070 1110 1525 1536 
1893 107 896 917 1032 1170 1273 1282 1303 1406 1427 1448 1495 1742 1783 1786 1820 1828 1857 1871 1894 
1815 107 944 1011 1041 1070 1139 1236 1258 1259 1260 1275 1338 1348 1469 1472 1504 1709 1869 
1052 107 606 917 965 1011 1037 1041 1070 1109 1159 1188 1225 1259 1260 1310 1338 1348 1355 1366 1472 1482 1496 1504 1507 1525 1529 1536 1630 1634 1686 1699 1738 1770 1876 1897 
1536 107 606 917 924 944 965 1037 1051 1052 1070 1159 1183 1188 1225 1236 1258 1259 1275 1310 1338 1355 1366 1469 1472 1473 1482 1496 1500 1504 1525 1630 1633 1634 1686 1699 1703 1709 1738 1770 1876 1897 
957 107 896 917 1170 1691 1857 
1110 107 606 1070 1897 
1691 107 896 957 1170 1448 1857 
1296 107 389 917 1035 1037 1070 1109 1170 1275 1338 1472 1496 1504 1525 1529 1630 1745 1770 
1448 107 641 896 1070 1472 1691 1786 1857 1893 
896 107 957 1007 1032 1170 1273 1282 1303 1448 1495 1691 1742 1783 1786 1857 1871 1893 
1051 107 917 924 944 1010 1070 1152 1159 1183 1188 1225 1228 1236 1258 1260 1275 1306 1310 1338 1355 1366 1472 1473 1496 1500 1525 1536 1630 1686 1699 1703 1709 1738 1783 1876 
1273 107 641 896 917 1032 1170 1282 1412 1429 1742 1783 1786 1820 1871 1893 
1275 107 389 917 924 944 965 1010 1037 1041 1051 1070 1109 1139 1152 1159 1170 1188 1225 1236 1258 1259 1260 1296 1310 1338 1348 1355 1366 1469 1472 1473 1482 1496 1500 1504 1525 1536 1624 1630 1633 1672 1703 1709 1770 1781 1783 1815 1828 1869 1876 1904 
1041 107 389 944 1011 1052 1070 1109 1139 1213 1259 1275 1306 1338 1348 1469 1472 1482 1496 1504 1507 1624 1630 1703 1709 1770 1815 1869 1876 1904 
1282 107 896 917 969 1032 1170 1273 1303 1406 1495 1630 1742 1783 1786 1820 1828 1871 1893 1894 
944 107 917 965 1011 1041 1051 1070 1159 1258 1260 1275 1306 1338 1366 1469 1472 1504 1525 1536 1630 1634 1686 1703 1709 1738 1770 1815 1876 
1472 107 389 917 924 944 1010 1011 1035 1037 1041 1051 1052 1070 1109 1139 1159 1183 1188 1225 1236 1259 1260 1275 1296 1306 1310 1338 1348 1355 1366 1448 1469 1482 1496 1500 1504 1507 1525 1529 1536 1624 1630 1633 1634 1672 1686 1699 1703 1709 1738 1770 1781 1783 1815 1869 1876 1904 
1473 107 389 1032 1051 1070 1152 1159 1258 1275 1338 1355 1366 1427 1525 1536 1630 1699 1703 1709 1738 1786 
1686 107 917 944 965 1051 1052 1070 1159 1183 1225 1260 1310 1338 1355 1412 1472 1500 1525 1536 1630 1633 1634 1699 1703 1876 
1760 107 1070 
