1505 107 923 929 961 973 990 991 996 1008 1087 1098 1140 1165 1193 1283 1317 1369 1384 1445 1450 1460 1461 1477 1528 1534 1552 1561 1593 1656 1666 1674 1684 1701 1758 2678 2725 2734 2760 2764 2826 2883 2964 2968 2976 3005 3011 3019 3020 3062 3079 3164 3165 3168 3205 3245 3258 3278 3386 3409 
3079 1505 1684 2672 2684 2701 2708 2719 2733 2742 2753 2797 2823 2833 2875 2894 2937 2958 2992 3011 3019 3034 3060 3067 3076 3160 3172 3179 3182 3258 3262 3288 3320 3332 3350 3351 3386 3396 3411 3434 
3258 1505 1666 1684 2672 2684 2701 2708 2719 2733 2742 2797 2823 2833 2875 2883 2894 2937 2968 2976 3011 3020 3060 3076 3079 3172 3179 3182 3262 3320 3332 3350 3396 3411 3434 
2964 1505 1656 1684 3062 
1140 107 1098 1317 1450 1505 1534 1656 1666 
1593 107 1098 1505 1758 
2719 1684 2672 2701 2708 2742 2753 2797 2823 2833 2875 2894 2937 2976 2992 3005 3060 3076 3079 3172 3179 3182 3258 3262 3288 3320 3332 3350 3351 3386 3396 3434 
2968 990 1450 1505 1666 1684 3011 3020 3258 
3320 1684 2672 2684 2701 2708 2719 2733 2742 2753 2797 2823 2833 2875 2894 2937 2976 2992 3005 3060 3076 3079 3172 3182 3258 3332 3350 3386 3396 3434 
3411 1684 2672 2742 2833 2875 2894 3005 3011 3060 3076 3079 3172 3179 3182 3258 3262 3288 3332 3350 3396 3434 
1674 107 990 1008 1505 1534 1552 1758 
1461 107 973 1165 1369 1505 1758 
1460 107 1369 1505 
1317 107 923 929 991 1087 1098 1140 1165 1369 1505 1534 1561 1656 1701 
996 107 1087 1505 
991 107 1165 1283 1317 1505 1561 1701 
990 107 973 1450 1505 1534 1656 1666 1674 1684 2678 2760 2883 2968 3005 3164 3245 3278 
1098 107 1140 1165 1317 1505 1534 1593 1666 
3332 1684 2672 2684 2701 2708 2719 2742 2797 2823 2833 2875 2894 2937 3011 3060 3076 3079 3172 3179 3182 3258 3262 3288 3320 3350 3396 3411 3434 
3409 1505 1684 
1701 107 929 991 1317 1505 1534 
1552 107 1505 1674 
3034 1684 3067 3079 
1528 107 1505 
2992 1684 2719 2742 2753 2823 2833 2937 3060 3079 3172 3288 3320 3434 
3245 990 1450 1505 1534 1666 1684 3011 3205 3278 
929 107 1317 1505 1701 
2672 1684 2684 2701 2708 2719 2797 2823 2875 2894 2937 3011 3076 3079 3179 3182 3258 3262 3320 3332 3350 3351 3386 3396 3411 
1384 107 1165 1283 1505 1758 
1666 107 990 1098 1140 1450 1477 1505 1534 1656 1684 2883 2968 3020 3245 3258 3278 
923 107 961 1193 1317 1369 1505 1758 
2797 1684 2672 2684 2701 2708 2719 2733 2823 2894 2937 3011 3076 3079 3179 3182 3258 3262 3320 3332 3350 3396 
1087 107 961 996 1283 1317 1505 
2826 1505 1656 1684 3165 
3278 990 1450 1505 1534 1656 1666 1684 2764 2883 3205 3245 
2823 1684 2672 2684 2701 2708 2719 2797 2875 2894 2937 2992 3011 3060 3076 3079 3172 3179 3182 3258 3262 3320 3332 3350 3396 3434 
3386 1505 1684 2672 2719 2753 2875 2958 2976 3011 3019 3079 3160 3182 3288 3320 3350 3396 3434 
3020 1505 1666 1684 2764 2968 3205 3258 
1656 107 973 990 1140 1317 1369 1450 1505 1561 1666 1684 2764 2826 2883 2964 3164 3165 3278 
2937 1684 2672 2684 2701 2708 2719 2733 2742 2753 2797 2823 2833 2875 2894 2992 3011 3060 3076 3079 3172 3179 3182 3258 3262 3320 3332 3350 3396 3434 
2760 990 1505 1684 2678 2734 
2764 1505 1534 1656 1684 1758 3011 3020 3278 
3262 1684 2672 2684 2701 2708 2719 2733 2797 2823 2894 2937 2958 3011 3076 3079 3179 3182 3258 3332 3350 3396 3411 
2833 1684 2719 2875 2894 2937 2992 3011 3060 3076 3079 3179 3182 3258 3288 3320 3332 3350 3351 3396 3411 3434 
107 923 929 961 973 990 991 996 1008 1087 1098 1140 1165 1193 1283 1317 1369 1384 1445 1450 1460 1461 1477 1505 1528 1534 1552 1561 1593 1656 1666 1674 1684 1701 1758 
3019 1505 1684 2753 2958 3011 3062 3076 3079 3160 3168 3350 3386 
3396 1684 2672 2684 2701 2708 2719 2733 2742 2797 2823 2833 2875 2894 2937 2958 3011 3060 3076 3079 3172 3179 3182 3258 3262 3320 3332 3350 3386 3411 3434 
3011 1450 1505 1684 2672 2684 2701 2708 2733 2764 2797 2823 2833 2894 2937 2958 2968 3005 3019 3076 3079 3160 3179 3182 3245 3258 3262 3332 3350 3386 3396 3411 
1534 107 990 1098 1140 1317 1450 1505 1666 1674 1684 1701 1758 2764 2883 3245 3278 
1008 107 1505 1674 
2678 990 1505 1684 2760 3164 
3005 990 1505 1684 2719 2734 2875 2894 3011 3060 3165 3172 3320 3411 
3168 1505 1684 3019 3062 3179 
3164 990 1505 1656 1684 2678 3067 
3165 1505 1656 1684 2734 2826 3005 
3160 1684 2742 2753 2958 2976 3011 3019 3079 3350 3386 
2883 990 1505 1534 1656 1666 1684 3258 3278 
973 107 990 1369 1461 1505 1561 1656 
2684 1684 2672 2701 2708 2797 2823 2875 2894 2937 2976 3011 3060 3076 3079 3172 3179 3182 3258 3262 3320 3332 3350 3396 3434 
3179 1450 1684 2672 2684 2701 2708 2719 2733 2742 2797 2823 2833 2875 2894 2937 2958 3011 3060 3076 3079 3168 3172 3182 3205 3258 3262 3332 3350 3351 3396 3411 3434 
2958 1684 2733 2875 2894 2976 3011 3019 3076 3079 3160 3179 3182 3262 3288 3350 3386 3396 
3076 1684 2672 2684 2701 2708 2719 2733 2742 2797 2823 2833 2875 2894 2937 2958 2976 3011 3019 3060 3079 3172 3179 3182 3258 3262 3320 3332 3350 3396 3411 3434 
3288 1684 2719 2742 2833 2958 2992 3079 3182 3332 3350 3386 3411 3434 
3172 1684 2684 2708 2719 2733 2742 2823 2875 2894 2937 2976 2992 3005 3060 3076 3079 3179 3182 3258 3320 3332 3350 3351 3396 3411 3434 
3205 1505 1684 1758 3020 3179 3245 3278 
961 107 923 1087 1283 1505 
2894 1684 2672 2684 2701 2708 2719 2733 2742 2797 2823 2833 2875 2937 2958 3005 3011 3060 3076 3079 3172 3179 3182 3258 3262 3320 3332 3350 3396 3411 
1450 107 990 1140 1505 1534 1561 1656 1666 1684 2968 2976 3011 3179 3245 3278 
2753 1684 2719 2742 2937 2976 2992 3019 3060 3079 3160 3320 3350 3386 3434 
2734 1505 1684 2760 3005 3165 
1165 107 991 1098 1283 1317 1369 1384 1461 1505 1561 1758 
2733 1684 2797 2894 2937 2958 3011 3060 3076 3079 3172 3179 3182 3258 3262 3320 3350 3396 3434 
3062 1505 1684 2964 3019 3168 
3060 1684 2684 2719 2733 2742 2753 2823 2833 2875 2894 2937 2976 2992 3005 3076 3079 3172 3179 3182 3258 3320 3332 3350 3396 3411 
3067 1684 3034 3079 3164 
2708 1684 2672 2684 2701 2719 2797 2823 2875 2894 2937 3011 3076 3079 3172 3179 3182 3258 3262 3320 3332 3350 3396 3434 
1193 107 923 1505 
3434 1684 2684 2708 2719 2733 2753 2823 2833 2937 2976 2992 3076 3079 3172 3179 3182 3258 3288 3320 3332 3351 3386 3396 3411 
1445 107 1505 
2742 1684 2719 2753 2875 2894 2937 2992 3060 3076 3079 3160 3172 3179 3182 3258 3288 3320 3332 3350 3351 3396 3411 
3182 1684 2672 2684 2701 2708 2719 2733 2742 2797 2823 2833 2875 2894 2937 2958 2976 3011 3060 3076 3079 3172 3179 3258 3262 3288 3320 3332 3350 3351 3386 3396 3411 3434 
1758 107 923 1165 1384 1461 1505 1534 1593 1674 1684 2764 3205 
1561 107 973 991 1165 1317 1369 1450 1505 1656 
1684 107 990 1450 1505 1534 1656 1666 1758 2672 2678 2684 2701 2708 2719 2725 2733 2734 2742 2753 2760 2764 2797 2823 2826 2833 2875 2883 2894 2937 2958 2964 2968 2976 2992 3005 3011 3019 3020 3034 3060 3062 3067 3076 3079 3160 3164 3165 3168 3172 3179 3182 3205 3245 3258 3262 3278 3288 3320 3332 3350 3351 3386 3396 3409 3411 3434 
2725 1505 1684 
2875 1684 2672 2684 2701 2708 2719 2742 2823 2833 2894 2937 2958 2976 3005 3060 3076 3079 3172 3179 3182 3258 3320 3332 3350 3386 3396 3411 
2701 1684 2672 2684 2708 2719 2797 2823 2875 2894 2937 2976 3011 3076 3079 3179 3182 3258 3262 3320 3332 3350 3396 
3351 1684 2672 2719 2742 2833 3079 3172 3179 3182 3434 
3350 1684 2672 2684 2701 2708 2719 2733 2742 2753 2797 2823 2833 2875 2894 2937 2958 3011 3019 3060 3076 3079 3160 3172 3179 3182 3258 3262 3288 3320 3332 3386 3396 3411 
2976 1450 1505 1684 2684 2701 2719 2753 2875 2958 3060 3076 3160 3172 3182 3258 3320 3386 3434 
1283 107 961 991 1087 1165 1369 1384 1477 1505 
1477 107 1283 1505 1666 
1369 107 923 973 1165 1283 1317 1460 1461 1505 1561 1656 
